Fold,Label,Prob,Preds
1,0,0.50250936,1
1,0,0.46206787,0
1,0,0.49940673,0
1,0,0.52441114,1
1,0,0.49438578,0
1,0,0.47739768,0
1,0,0.49905315,0
1,0,0.53063506,1
1,0,0.504325,1
1,0,0.5138154,1
1,0,0.5335992,1
1,0,0.5329179,1
1,1,0.5220012,1
1,1,0.5064969,1
1,1,0.5113041,1
1,1,0.49476302,0
1,1,0.50852275,1
1,1,0.4745522,0
1,1,0.55781883,1
1,1,0.49922645,0
1,1,0.5794349,1
1,1,0.53714395,1
1,1,0.53273827,1
1,1,0.5543039,1
1,1,0.5497045,1
1,1,0.5458996,1
1,1,0.55221415,1
1,1,0.56554896,1
1,1,0.54797876,1
1,1,0.5479166,1
1,1,0.5654845,1
1,1,0.5406809,1
1,1,0.55816406,1
1,0,0.55999094,1
1,0,0.5488762,1
1,0,0.5388638,1
1,0,0.54683733,1
1,0,0.5523615,1
1,0,0.54889864,1
1,0,0.5396255,1
1,0,0.5563648,1
1,0,0.5725504,1
1,0,0.5385045,1
1,0,0.5376055,1
1,1,0.54615945,1
1,1,0.5448282,1
1,1,0.53745496,1
1,1,0.5576168,1
1,1,0.5506728,1
1,0,0.582656,1
1,0,0.55392915,1
1,0,0.53672504,1
1,0,0.52313226,1
1,0,0.52968,1
1,0,0.53339815,1
1,0,0.5403729,1
1,0,0.53372943,1
1,0,0.5389438,1
1,0,0.5382042,1
1,0,0.5480667,1
1,0,0.5696088,1
1,0,0.54831827,1
1,0,0.55410445,1
1,0,0.5643576,1
1,0,0.5477965,1
1,0,0.566575,1
1,0,0.56860924,1
1,0,0.5419438,1
1,0,0.5342596,1
1,0,0.52201086,1
1,0,0.51785946,1
1,0,0.52596205,1
1,1,0.52434295,1
1,1,0.52966124,1
1,1,0.5192797,1
1,1,0.537088,1
1,1,0.55259323,1
1,1,0.55949366,1
1,1,0.55393255,1
1,1,0.5485881,1
1,1,0.56632394,1
1,0,0.5581678,1
1,0,0.559589,1
1,0,0.543937,1
1,0,0.5578731,1
1,0,0.5325616,1
1,0,0.5391526,1
1,0,0.54036355,1
1,0,0.51921517,1
1,0,0.53333515,1
1,0,0.5491834,1
1,0,0.5451375,1
1,0,0.5382028,1
1,0,0.52719796,1
1,0,0.5261097,1
1,0,0.5351336,1
1,0,0.5246868,1
1,0,0.53806233,1
1,0,0.54732805,1
1,0,0.5277002,1
1,0,0.5377771,1
1,0,0.5364777,1
1,0,0.54961014,1
1,0,0.53705627,1
1,0,0.53787625,1
1,0,0.56078005,1
1,0,0.5544167,1
1,0,0.54026747,1
1,0,0.5590695,1
1,0,0.5474606,1
1,0,0.5411958,1
1,0,0.5391554,1
1,0,0.5558611,1
1,0,0.5394343,1
1,0,0.5520896,1
1,0,0.5608152,1
1,0,0.55337906,1
1,0,0.54879993,1
1,0,0.54094464,1
1,1,0.5431628,1
1,1,0.5348379,1
1,1,0.542541,1
1,1,0.5137522,1
1,1,0.50495416,1
1,1,0.5352566,1
1,1,0.5128861,1
1,1,0.51642495,1
1,1,0.5307665,1
1,0,0.5263751,1
1,0,0.5371247,1
1,0,0.51198465,1
1,0,0.52950764,1
1,0,0.52377087,1
1,0,0.5466294,1
1,0,0.52243847,1
1,0,0.54036343,1
1,0,0.5478269,1
1,0,0.5566775,1
1,0,0.5168769,1
1,0,0.5309551,1
1,0,0.5004389,1
1,0,0.49936473,0
1,0,0.5034442,1
1,0,0.52504647,1
1,0,0.5073178,1
1,0,0.5478276,1
1,0,0.54026616,1
1,0,0.5442435,1
1,0,0.55375963,1
1,0,0.55396724,1
1,0,0.58243304,1
1,0,0.5595055,1
1,0,0.54950386,1
1,0,0.5295895,1
1,0,0.54863805,1
1,1,0.5609032,1
1,1,0.5648754,1
1,1,0.5669822,1
1,1,0.54778266,1
1,1,0.5635575,1
1,1,0.54173636,1
1,1,0.5594748,1
1,1,0.5165672,1
1,1,0.5414126,1
1,0,0.54320127,1
1,0,0.5374002,1
1,0,0.4983544,0
1,0,0.5101247,1
1,0,0.54775673,1
1,0,0.53099126,1
1,0,0.5472115,1
1,1,0.5436305,1
1,1,0.5632119,1
1,1,0.54128826,1
1,1,0.5527331,1
1,1,0.5545459,1
1,1,0.5617482,1
1,1,0.55038637,1
1,1,0.55177706,1
1,1,0.55066425,1
1,1,0.534,1
1,1,0.52930266,1
1,1,0.5534977,1
1,1,0.54340786,1
1,1,0.5451768,1
1,1,0.55568814,1
1,1,0.56613016,1
1,1,0.5679468,1
1,1,0.5585598,1
1,1,0.56077975,1
1,1,0.5698441,1
1,1,0.5632119,1
1,0,0.51996744,1
1,0,0.54522824,1
1,0,0.5328058,1
1,0,0.50733125,1
1,0,0.543455,1
1,0,0.5207129,1
1,0,0.506047,1
1,0,0.51708364,1
1,0,0.524928,1
1,0,0.5177675,1
1,0,0.54261655,1
1,0,0.54721767,1
1,0,0.5401505,1
1,0,0.52860856,1
1,0,0.5468662,1
1,1,0.5554736,1
1,1,0.5338794,1
1,1,0.5531039,1
1,1,0.53604054,1
1,1,0.5351542,1
1,1,0.55323,1
1,1,0.5384321,1
1,1,0.5428324,1
1,1,0.53356487,1
1,1,0.52110785,1
1,1,0.53237975,1
1,1,0.54643434,1
1,1,0.53011966,1
1,1,0.5201507,1
1,1,0.53203684,1
1,1,0.5542465,1
1,1,0.57061464,1
1,0,0.5507466,1
1,0,0.5654746,1
1,0,0.54816234,1
1,0,0.56881756,1
1,0,0.56125647,1
1,0,0.5729475,1
1,0,0.5512589,1
1,0,0.5379026,1
1,0,0.5409737,1
1,0,0.53735244,1
1,0,0.5608917,1
1,1,0.55216813,1
1,1,0.55095243,1
1,1,0.5755475,1
1,1,0.5594229,1
1,1,0.55062056,1
1,1,0.5304565,1
1,1,0.552805,1
1,1,0.52586806,1
1,1,0.5424824,1
1,1,0.53653246,1
1,1,0.5365686,1
1,1,0.5474266,1
1,1,0.54200417,1
1,1,0.5491283,1
1,1,0.53896445,1
1,1,0.56232816,1
1,1,0.5518363,1
1,1,0.57158184,1
1,1,0.5601514,1
1,1,0.5566269,1
1,1,0.56921005,1
1,1,0.5521778,1
1,1,0.55950266,1
1,1,0.53685313,1
1,1,0.5586399,1
1,1,0.5446742,1
1,1,0.5550509,1
1,1,0.5813467,1
1,1,0.5352381,1
1,1,0.5626427,1
1,1,0.5417761,1
1,1,0.5341397,1
1,1,0.53412217,1
1,1,0.54570854,1
1,1,0.5387263,1
1,1,0.56308734,1
1,1,0.55806893,1
1,1,0.54752827,1
1,1,0.56245536,1
1,1,0.55795276,1
1,1,0.5535324,1
1,1,0.5515725,1
1,1,0.5546684,1
1,1,0.5403198,1
1,1,0.55910033,1
1,1,0.5313452,1
1,1,0.53945774,1
1,1,0.550895,1
1,1,0.5551722,1
1,1,0.55403674,1
1,1,0.5461638,1
1,1,0.54998237,1
1,1,0.5346097,1
1,1,0.5559203,1
1,0,0.56028724,1
1,0,0.5468121,1
1,0,0.5496524,1
1,0,0.5443732,1
1,0,0.55575395,1
1,0,0.5450558,1
1,0,0.5458531,1
1,0,0.5555278,1
1,0,0.55690193,1
1,0,0.54434824,1
1,0,0.53297186,1
1,0,0.55644697,1
1,0,0.5387163,1
1,0,0.5444214,1
1,0,0.56801915,1
1,0,0.5632703,1
1,0,0.568272,1
1,0,0.5664043,1
1,0,0.57134706,1
1,0,0.5836835,1
1,0,0.56231135,1
1,0,0.58508754,1
1,0,0.57808214,1
1,0,0.57006717,1
1,0,0.5599877,1
1,0,0.5654031,1
1,0,0.5464643,1
1,0,0.53852624,1
1,0,0.54298276,1
1,0,0.54213464,1
1,0,0.5624771,1
1,1,0.5374532,1
1,1,0.54608184,1
1,1,0.5290202,1
1,1,0.5576984,1
1,1,0.57404435,1
1,1,0.5657834,1
1,1,0.55100065,1
1,1,0.5575614,1
1,1,0.55483735,1
1,1,0.5610351,1
1,1,0.5494913,1
1,1,0.54389244,1
1,0,0.55192333,1
1,0,0.5359483,1
1,0,0.55185974,1
1,0,0.5355318,1
1,0,0.5548561,1
1,0,0.5625564,1
1,0,0.55061424,1
1,0,0.5616025,1
1,0,0.550317,1
1,0,0.5358445,1
1,0,0.53484803,1
1,0,0.5491063,1
1,1,0.553193,1
1,1,0.53483886,1
1,1,0.5451449,1
1,1,0.548983,1
1,1,0.5315009,1
1,0,0.56744367,1
1,0,0.5448107,1
1,0,0.55609995,1
1,0,0.56679875,1
1,0,0.54488313,1
1,0,0.571888,1
1,0,0.57041126,1
1,0,0.55964255,1
1,0,0.56737834,1
1,0,0.5658296,1
1,0,0.55839884,1
1,0,0.5491653,1
1,0,0.5506592,1
1,0,0.5336647,1
1,0,0.52511996,1
1,0,0.5491792,1
1,0,0.52465034,1
1,0,0.5297631,1
1,0,0.5399684,1
1,0,0.54651785,1
1,0,0.5609856,1
1,0,0.57194024,1
1,0,0.5442976,1
1,0,0.5812693,1
1,0,0.5864533,1
1,0,0.5979934,1
1,0,0.59821063,1
1,0,0.57092506,1
1,0,0.52785563,1
1,0,0.5440649,1
1,0,0.5103045,1
1,0,0.52378786,1
1,0,0.5300204,1
1,0,0.5402407,1
1,0,0.51937735,1
1,0,0.5503895,1
1,0,0.57147676,1
1,0,0.5594216,1
1,0,0.55240685,1
1,0,0.5764303,1
1,0,0.56528914,1
1,0,0.56381536,1
1,0,0.56714636,1
1,0,0.5696945,1
1,0,0.565098,1
1,0,0.55647707,1
1,0,0.5555921,1
1,0,0.5677284,1
1,0,0.5513056,1
1,0,0.56419766,1
1,0,0.56608784,1
1,0,0.5258389,1
1,0,0.56232303,1
1,0,0.52463496,1
1,0,0.53073454,1
1,0,0.5511689,1
1,0,0.5404273,1
1,0,0.5695483,1
1,0,0.5451826,1
1,0,0.570785,1
1,0,0.5589456,1
1,0,0.5563675,1
1,0,0.54167765,1
1,0,0.5367548,1
1,0,0.53863513,1
1,0,0.5639411,1
1,0,0.5476093,1
1,0,0.5700829,1
1,0,0.5589826,1
1,0,0.55648005,1
1,0,0.5300253,1
1,0,0.5498107,1
1,0,0.5624706,1
1,0,0.57594544,1
1,0,0.5526679,1
1,0,0.5533914,1
1,0,0.5667668,1
1,0,0.5746517,1
1,0,0.55871665,1
1,0,0.5363857,1
1,0,0.58434266,1
1,0,0.5569465,1
1,0,0.55614334,1
1,0,0.52444726,1
1,0,0.51972866,1
1,0,0.5004413,1
1,0,0.5065084,1
1,0,0.5054408,1
1,0,0.50160414,1
1,0,0.51529145,1
1,0,0.5286588,1
1,0,0.5232333,1
1,0,0.54577863,1
1,0,0.543257,1
1,0,0.5446469,1
1,0,0.5348099,1
1,0,0.56387866,1
1,0,0.539921,1
1,0,0.5286282,1
1,0,0.5267407,1
1,0,0.5324448,1
1,0,0.534409,1
1,0,0.5426539,1
1,0,0.5337927,1
1,0,0.5503276,1
1,0,0.5462569,1
1,0,0.56686723,1
1,0,0.5490764,1
1,0,0.5512304,1
1,0,0.5490308,1
1,0,0.5330719,1
1,0,0.54982793,1
1,0,0.5737702,1
1,0,0.54127616,1
1,0,0.56417733,1
1,0,0.5515945,1
1,0,0.5433993,1
1,0,0.57298285,1
1,0,0.5420007,1
1,0,0.5540184,1
1,0,0.5472978,1
1,0,0.5630543,1
1,0,0.5476613,1
1,0,0.5460012,1
1,0,0.5692438,1
1,1,0.5555836,1
1,1,0.55459833,1
1,1,0.5366153,1
1,1,0.55057764,1
1,1,0.52683014,1
1,1,0.5277947,1
1,1,0.52068347,1
1,1,0.552218,1
1,1,0.5267569,1
1,1,0.54146296,1
1,1,0.53897345,1
1,1,0.5518068,1
1,1,0.54008925,1
1,1,0.5458802,1
1,1,0.5354039,1
1,1,0.54011637,1
1,1,0.5326967,1
1,1,0.5524244,1
1,1,0.531672,1
1,1,0.55811024,1
1,1,0.522861,1
1,1,0.5761119,1
1,1,0.5503848,1
1,1,0.5707053,1
1,1,0.5580075,1
1,1,0.5508414,1
1,1,0.57264644,1
1,1,0.55644625,1
1,1,0.5452757,1
1,1,0.5652031,1
1,1,0.5424694,1
1,1,0.57250565,1
1,1,0.54669195,1
1,1,0.56729937,1
1,1,0.572633,1
1,1,0.5736328,1
1,1,0.561338,1
1,1,0.53029084,1
1,1,0.5596929,1
1,1,0.5562734,1
1,1,0.54988664,1
1,1,0.56082356,1
1,1,0.56823075,1
1,1,0.558889,1
1,1,0.5615388,1
1,1,0.54779696,1
1,1,0.54929894,1
1,1,0.54536533,1
1,1,0.55339795,1
1,1,0.5402198,1
1,1,0.5487082,1
1,1,0.5513738,1
1,1,0.5704033,1
1,1,0.5491645,1
1,1,0.55729693,1
1,1,0.5577417,1
1,1,0.55943274,1
1,1,0.546913,1
1,1,0.53817254,1
1,1,0.5518728,1
1,1,0.5613296,1
1,1,0.5511231,1
1,1,0.55828,1
1,1,0.55890834,1
1,1,0.5535507,1
1,1,0.55522346,1
1,1,0.5385933,1
1,1,0.5557703,1
1,1,0.537013,1
1,1,0.55443823,1
1,1,0.5640567,1
1,1,0.54658675,1
1,1,0.54908365,1
1,1,0.5561867,1
1,1,0.54985934,1
1,1,0.54376954,1
1,1,0.5650607,1
1,1,0.5473411,1
1,1,0.5636271,1
1,1,0.56449944,1
1,1,0.56074506,1
1,1,0.5547722,1
1,1,0.5512081,1
1,1,0.55875754,1
1,1,0.5355002,1
1,1,0.5409604,1
1,1,0.5412957,1
1,1,0.55205804,1
1,1,0.5222729,1
1,1,0.54055846,1
1,1,0.54079056,1
1,1,0.55976635,1
1,1,0.5512778,1
1,1,0.5505061,1
1,1,0.5395848,1
1,1,0.5351282,1
1,1,0.55516094,1
1,1,0.551379,1
1,1,0.54033285,1
1,1,0.55509955,1
1,1,0.55200225,1
1,1,0.53988415,1
1,1,0.5534595,1
1,1,0.55979055,1
1,1,0.5387706,1
1,1,0.55907845,1
1,1,0.5492522,1
1,1,0.55716497,1
1,1,0.5423121,1
1,1,0.5504467,1
1,1,0.5482115,1
1,1,0.55539846,1
1,1,0.5492914,1
1,1,0.5573541,1
1,1,0.55543107,1
1,1,0.5558405,1
1,1,0.5529103,1
1,1,0.5484477,1
1,1,0.55548805,1
1,1,0.54354703,1
1,1,0.54245967,1
1,1,0.53395647,1
1,1,0.5495771,1
1,1,0.54299444,1
1,1,0.57280636,1
1,1,0.56090635,1
1,1,0.54650843,1
1,1,0.5652815,1
1,1,0.5800926,1
1,1,0.5628027,1
1,1,0.56342757,1
1,1,0.5651812,1
1,1,0.528229,1
1,1,0.52652466,1
1,1,0.5457075,1
1,1,0.5483834,1
1,1,0.5223896,1
1,1,0.47939384,0
1,1,0.52875423,1
1,1,0.48824164,0
1,1,0.4365367,0
1,1,0.51049393,1
1,1,0.50884455,1
1,1,0.48305002,0
1,1,0.49272814,0
1,1,0.5299744,1
1,1,0.5227053,1
1,1,0.4802401,0
1,1,0.5188812,1
1,1,0.5204688,1
1,1,0.50573534,1
1,1,0.49037257,0
1,1,0.5215493,1
1,1,0.48872396,0
1,1,0.52667034,1
1,1,0.4900109,0
1,1,0.5428469,1
1,1,0.5349863,1
1,1,0.5380079,1
1,1,0.5224339,1
1,1,0.53303736,1
1,1,0.5286322,1
1,1,0.5705961,1
1,1,0.5765107,1
1,1,0.52399695,1
1,1,0.541325,1
1,1,0.5428731,1
1,1,0.5271589,1
1,1,0.5577149,1
1,1,0.5867588,1
1,1,0.5239264,1
1,1,0.5113773,1
1,1,0.51476794,1
1,1,0.5697078,1
1,1,0.5365224,1
1,1,0.5305377,1
1,1,0.56856966,1
1,1,0.568544,1
1,1,0.53344554,1
1,1,0.5540451,1
1,1,0.54215753,1
1,1,0.5459741,1
1,1,0.5410576,1
1,1,0.5208107,1
1,1,0.5284357,1
1,1,0.5415776,1
1,1,0.57601863,1
1,1,0.5555036,1
1,1,0.52170926,1
1,1,0.5611447,1
1,1,0.59837574,1
1,1,0.5936678,1
1,1,0.59618074,1
1,1,0.55357534,1
1,1,0.54637545,1
1,1,0.5652216,1
1,1,0.535633,1
1,1,0.54608774,1
1,1,0.6107404,1
1,1,0.57904446,1
1,1,0.61242515,1
1,1,0.5980119,1
1,1,0.5587926,1
1,1,0.5566321,1
1,1,0.55098426,1
1,1,0.5556715,1
1,1,0.5551927,1
1,1,0.59767556,1
1,1,0.5769774,1
1,1,0.61570895,1
1,1,0.5857171,1
1,1,0.56307155,1
1,1,0.5562382,1
1,1,0.538526,1
1,1,0.5512946,1
1,1,0.5471304,1
1,1,0.5965581,1
1,1,0.57901907,1
1,1,0.6229232,1
1,0,0.56847525,1
1,0,0.54844546,1
1,0,0.55538857,1
1,0,0.55059236,1
1,0,0.545309,1
1,0,0.54470134,1
1,0,0.5760673,1
1,0,0.5069235,1
1,0,0.53096664,1
1,0,0.53850496,1
1,0,0.5206471,1
1,0,0.5502711,1
1,0,0.5930343,1
1,0,0.52289677,1
1,1,0.5313016,1
1,1,0.5245548,1
1,1,0.53962654,1
1,1,0.51320666,1
1,1,0.53546524,1
1,1,0.57026035,1
1,1,0.5125886,1
1,1,0.55632764,1
1,1,0.5683594,1
1,1,0.6066092,1
1,1,0.57565093,1
1,0,0.5657611,1
1,0,0.5821654,1
1,0,0.58171177,1
1,0,0.59867036,1
1,0,0.58590555,1
1,0,0.5714013,1
1,0,0.5779755,1
1,0,0.57986295,1
1,0,0.5714921,1
1,0,0.5648479,1
1,0,0.5847272,1
1,0,0.57330745,1
1,0,0.59163773,1
1,1,0.57448465,1
1,1,0.58510464,1
1,1,0.59289795,1
1,1,0.55851185,1
1,1,0.5885883,1
1,1,0.5808263,1
1,1,0.5244845,1
1,1,0.52652955,1
1,1,0.56188047,1
1,1,0.535918,1
1,1,0.5557628,1
1,0,0.57901436,1
1,0,0.57099646,1
1,0,0.5375341,1
1,0,0.56151074,1
1,0,0.5606609,1
1,0,0.5712464,1
1,0,0.5961865,1
1,0,0.5464913,1
1,0,0.56166154,1
1,0,0.57060444,1
1,0,0.5805479,1
1,0,0.55690384,1
1,0,0.5575459,1
1,0,0.59619254,1
1,0,0.59989303,1
1,0,0.57992595,1
1,0,0.5777957,1
1,0,0.59172106,1
1,0,0.57876927,1
1,1,0.5777289,1
1,1,0.57953393,1
1,1,0.56326944,1
1,1,0.5728782,1
1,1,0.5948732,1
1,1,0.5743095,1
1,1,0.5749044,1
1,1,0.572203,1
1,0,0.57666713,1
1,0,0.5631928,1
1,0,0.583401,1
1,0,0.57592195,1
1,0,0.54558015,1
1,0,0.5714865,1
1,0,0.5518599,1
1,0,0.5870938,1
1,0,0.5928699,1
1,0,0.5938341,1
1,0,0.5786335,1
1,0,0.5698442,1
1,0,0.56751144,1
1,0,0.59381765,1
1,0,0.58067983,1
1,0,0.5713722,1
1,0,0.5493663,1
1,0,0.57205266,1
1,0,0.5685138,1
1,0,0.5467902,1
1,0,0.5491254,1
1,0,0.5696065,1
1,0,0.57945853,1
1,0,0.57640576,1
1,0,0.590516,1
1,0,0.5654686,1
1,0,0.5610914,1
1,0,0.584395,1
1,0,0.5771056,1
1,0,0.5820908,1
1,0,0.5820771,1
1,0,0.59043276,1
1,0,0.59357095,1
1,0,0.59757894,1
1,0,0.5850863,1
1,0,0.5961018,1
1,0,0.593432,1
1,0,0.57695603,1
1,0,0.5609126,1
1,0,0.55309206,1
1,0,0.5377046,1
1,0,0.55475473,1
1,0,0.5304121,1
1,0,0.5409139,1
1,0,0.5530523,1
1,0,0.567694,1
1,0,0.5755128,1
1,0,0.56639344,1
1,0,0.5604684,1
1,0,0.5719626,1
1,0,0.5755397,1
1,0,0.5345218,1
1,0,0.5670898,1
1,0,0.5609437,1
1,1,0.5996888,1
1,1,0.6076079,1
1,1,0.6129937,1
1,1,0.58522624,1
1,1,0.59562224,1
1,1,0.61419135,1
1,1,0.59567004,1
1,1,0.5944474,1
1,1,0.586634,1
1,1,0.59355915,1
1,1,0.58199733,1
1,1,0.57553214,1
1,1,0.57046646,1
1,1,0.5554115,1
1,1,0.56812316,1
1,1,0.5638518,1
1,1,0.5486771,1
1,1,0.5733999,1
1,1,0.5783241,1
1,1,0.57600784,1
1,1,0.5555728,1
1,1,0.5287028,1
1,1,0.56451505,1
1,1,0.54213196,1
1,1,0.5640197,1
1,1,0.59592706,1
1,1,0.5753118,1
1,1,0.5923607,1
1,1,0.5790974,1
1,1,0.59004176,1
1,1,0.60263073,1
1,1,0.60270494,1
1,1,0.6128794,1
1,1,0.58845156,1
1,1,0.5944052,1
1,1,0.5950092,1
1,1,0.57918054,1
1,1,0.57038456,1
1,1,0.5687066,1
1,1,0.59406567,1
1,1,0.58088744,1
1,1,0.5200755,1
1,1,0.52073,1
1,1,0.51807535,1
1,1,0.5181358,1
1,1,0.53452075,1
1,1,0.5233523,1
1,1,0.54091966,1
1,1,0.55129975,1
1,1,0.55319107,1
1,1,0.54497397,1
1,1,0.5566594,1
1,1,0.52965003,1
1,1,0.5504094,1
1,1,0.53914577,1
1,1,0.5999758,1
1,1,0.6192779,1
1,1,0.6214971,1
1,1,0.5778059,1
1,1,0.6032753,1
1,1,0.6204511,1
1,1,0.5816638,1
1,1,0.5791786,1
1,1,0.5956121,1
1,1,0.59648085,1
1,1,0.5672161,1
1,1,0.5798554,1
1,1,0.5796112,1
1,1,0.56789654,1
1,1,0.5784316,1
1,1,0.55222356,1
1,1,0.57078415,1
1,1,0.56103224,1
1,1,0.53182435,1
1,1,0.5239702,1
1,1,0.53041565,1
1,1,0.52847815,1
1,1,0.5545857,1
1,1,0.54076093,1
1,1,0.56251186,1
1,1,0.55750906,1
1,1,0.5476284,1
1,1,0.51115036,1
1,1,0.5251011,1
1,1,0.54916996,1
1,1,0.5582995,1
1,1,0.52434576,1
1,1,0.5528407,1
1,1,0.5192776,1
1,1,0.54530066,1
1,1,0.54954404,1
1,1,0.57087916,1
1,1,0.5319273,1
1,1,0.5672542,1
1,1,0.57095045,1
1,1,0.59612834,1
1,1,0.55270857,1
1,1,0.5416411,1
1,1,0.55100447,1
1,1,0.5579393,1
1,1,0.5259306,1
1,1,0.55283326,1
1,1,0.5390413,1
1,1,0.5303582,1
1,1,0.5887675,1
1,1,0.55537707,1
1,1,0.55307764,1
1,1,0.55272704,1
1,1,0.5427092,1
1,1,0.57900774,1
1,1,0.5362062,1
1,1,0.5789532,1
1,1,0.51257557,1
1,1,0.5616973,1
1,1,0.5123767,1
1,1,0.5313776,1
1,1,0.5540637,1
1,1,0.5339925,1
1,1,0.53647226,1
1,1,0.4976634,0
1,1,0.51164675,1
1,1,0.49734786,0
1,1,0.51514524,1
1,1,0.5097719,1
1,1,0.4983959,0
1,1,0.52422684,1
1,1,0.5369999,1
1,1,0.5480403,1
1,1,0.5356351,1
1,1,0.53382206,1
1,1,0.5627227,1
1,1,0.5503445,1
1,1,0.53739405,1
1,1,0.5414203,1
1,1,0.5425714,1
1,1,0.5563145,1
1,1,0.5302174,1
1,1,0.5120625,1
1,1,0.5276072,1
1,1,0.5241395,1
1,1,0.4926793,0
1,1,0.52042645,1
1,1,0.48956642,0
1,1,0.54607916,1
1,0,0.54877883,1
1,0,0.56141365,1
1,0,0.5841545,1
1,0,0.579415,1
1,0,0.5724346,1
1,0,0.58309525,1
1,0,0.53410614,1
1,0,0.5395431,1
1,0,0.53165215,1
1,0,0.55261755,1
1,0,0.5408593,1
1,0,0.5172859,1
1,0,0.5264631,1
1,0,0.47985798,0
1,0,0.511349,1
1,0,0.5073014,1
1,0,0.519891,1
1,0,0.5073935,1
1,1,0.53569347,1
1,1,0.5235172,1
1,1,0.55905247,1
1,1,0.5633457,1
1,1,0.58439875,1
1,1,0.57378054,1
1,1,0.58029455,1
1,1,0.5674991,1
1,1,0.56747144,1
1,1,0.5637934,1
1,1,0.57001394,1
1,1,0.56024414,1
1,1,0.5489757,1
1,1,0.5541598,1
1,1,0.56920624,1
1,1,0.57770634,1
1,1,0.547792,1
1,1,0.5471991,1
1,1,0.5353323,1
1,1,0.5199929,1
1,1,0.5315168,1
1,1,0.5070299,1
1,1,0.48554352,0
1,1,0.5170128,1
1,1,0.50988185,1
1,0,0.5321414,1
1,0,0.5404209,1
1,0,0.5356331,1
1,0,0.54288137,1
1,0,0.573262,1
1,0,0.55991817,1
1,0,0.57438034,1
1,0,0.5546901,1
1,0,0.55280554,1
1,0,0.51022047,1
1,0,0.4994794,0
1,0,0.49274933,0
1,0,0.5019727,1
1,0,0.50952375,1
1,1,0.5525046,1
1,1,0.5531922,1
1,1,0.5668039,1
1,1,0.58210564,1
1,1,0.5835951,1
1,1,0.56801754,1
1,1,0.580299,1
1,1,0.5227896,1
1,1,0.50261784,1
1,1,0.5441813,1
1,1,0.50591296,1
1,1,0.52525175,1
1,1,0.5299651,1
1,1,0.55086136,1
1,0,0.5295446,1
1,0,0.5574182,1
1,0,0.60132915,1
1,0,0.5813237,1
1,0,0.58877397,1
1,0,0.5687755,1
1,0,0.59357184,1
1,0,0.57083046,1
1,0,0.5853004,1
1,0,0.59378666,1
1,0,0.5675132,1
1,0,0.524883,1
1,0,0.52924955,1
1,0,0.5081317,1
1,0,0.57323027,1
1,0,0.49664572,0
1,0,0.51967746,1
1,0,0.5138636,1
1,0,0.5332075,1
1,0,0.5862379,1
1,0,0.5020871,1
1,0,0.5724728,1
1,0,0.60567635,1
1,0,0.56375796,1
1,0,0.58546853,1
1,0,0.6097915,1
1,0,0.54954386,1
1,0,0.5568968,1
1,0,0.5502876,1
1,0,0.613862,1
1,0,0.5411603,1
1,0,0.5288823,1
1,0,0.53572553,1
1,0,0.5914741,1
1,0,0.55754817,1
1,0,0.5701915,1
1,0,0.5637866,1
1,0,0.5904084,1
1,0,0.5914403,1
1,0,0.5760598,1
1,0,0.5970397,1
1,0,0.59467334,1
1,0,0.5634469,1
1,0,0.5642599,1
1,0,0.5880715,1
1,1,0.5922988,1
1,1,0.58223563,1
1,1,0.5814626,1
1,1,0.5606828,1
1,1,0.57121044,1
1,1,0.58634,1
1,1,0.594777,1
1,1,0.5620505,1
1,1,0.5613413,1
1,1,0.5534934,1
1,1,0.5657696,1
1,1,0.60022783,1
1,1,0.5919595,1
1,1,0.6082148,1
1,1,0.552381,1
1,0,0.5340551,1
1,0,0.5453978,1
1,0,0.53379464,1
1,0,0.5583715,1
1,0,0.52718794,1
1,0,0.51749676,1
1,0,0.49102443,0
1,0,0.5211943,1
1,0,0.536898,1
1,0,0.51250315,1
1,0,0.52794373,1
1,0,0.54433686,1
1,0,0.53133965,1
1,0,0.5452207,1
1,0,0.5333597,1
1,0,0.5333315,1
1,0,0.53332734,1
1,0,0.51582,1
1,0,0.5458387,1
1,0,0.5905846,1
1,0,0.6199128,1
1,0,0.5925491,1
1,0,0.5786636,1
1,0,0.57679766,1
1,0,0.6347239,1
1,0,0.57700574,1
1,0,0.5506556,1
1,0,0.556421,1
1,0,0.5858252,1
1,0,0.6152187,1
1,0,0.5424657,1
1,0,0.52005947,1
1,0,0.56601346,1
1,0,0.59391236,1
1,0,0.5961547,1
1,0,0.554004,1
1,0,0.58195454,1
1,0,0.55035394,1
1,0,0.51960295,1
1,0,0.552971,1
1,0,0.5598191,1
1,0,0.5022364,1
1,0,0.52495426,1
1,0,0.5196544,1
1,0,0.56423235,1
1,0,0.5790288,1
1,0,0.5821753,1
1,0,0.55456895,1
1,0,0.5507111,1
1,0,0.5537311,1
1,0,0.53260905,1
1,0,0.49432492,0
1,0,0.558112,1
1,0,0.5572516,1
1,0,0.54463464,1
1,0,0.54624224,1
1,0,0.5515314,1
1,0,0.561101,1
1,0,0.5618545,1
1,0,0.49691504,0
1,0,0.56594443,1
1,0,0.56334084,1
1,0,0.5216541,1
1,0,0.55156916,1
1,0,0.5599329,1
1,0,0.5527701,1
1,0,0.56736344,1
1,0,0.5585314,1
1,0,0.5654104,1
1,0,0.55267376,1
1,0,0.50914216,1
1,0,0.53324103,1
1,0,0.50321066,1
1,0,0.4862812,0
1,0,0.54462135,1
1,0,0.54355586,1
1,0,0.5815628,1
1,0,0.5295514,1
1,0,0.56336176,1
1,0,0.5478439,1
1,0,0.5772394,1
1,0,0.5734382,1
1,0,0.58367246,1
1,0,0.6076284,1
1,0,0.57196593,1
1,0,0.56789017,1
1,0,0.5631501,1
1,0,0.6183304,1
1,0,0.54955286,1
1,0,0.5655479,1
1,0,0.5659018,1
1,0,0.5662228,1
1,0,0.54332703,1
1,0,0.5263206,1
1,0,0.5447006,1
1,0,0.5751632,1
1,0,0.57368577,1
1,0,0.5458852,1
1,0,0.56658995,1
1,0,0.5549373,1
1,0,0.55655813,1
1,0,0.5609984,1
1,0,0.5423048,1
1,0,0.5689918,1
1,0,0.57802224,1
1,1,0.56019753,1
1,1,0.55362415,1
1,1,0.5447671,1
1,1,0.5359391,1
1,1,0.53266436,1
1,1,0.53349084,1
1,1,0.53103286,1
1,1,0.5549052,1
1,1,0.52536213,1
1,1,0.55789346,1
1,1,0.5659334,1
1,1,0.590036,1
1,1,0.5828485,1
1,1,0.5950447,1
1,1,0.59104025,1
1,0,0.5817627,1
1,0,0.57947606,1
1,0,0.5756091,1
1,0,0.5770128,1
1,0,0.55535156,1
1,0,0.551903,1
1,0,0.5723847,1
1,0,0.5399786,1
1,0,0.52316254,1
1,0,0.5384191,1
1,0,0.55974203,1
1,0,0.5286774,1
1,0,0.52707773,1
1,0,0.5764894,1
1,0,0.5390773,1
1,0,0.54446423,1
1,0,0.538315,1
1,0,0.56985366,1
1,0,0.5650986,1
1,0,0.5702106,1
1,0,0.5756732,1
1,0,0.6007777,1
1,0,0.55941844,1
1,0,0.58344555,1
1,0,0.57221484,1
1,0,0.554706,1
1,0,0.5749377,1
1,0,0.5761084,1
1,0,0.5910823,1
1,0,0.55323863,1
1,0,0.573766,1
1,0,0.5368423,1
1,0,0.53041136,1
1,0,0.5709162,1
1,0,0.5447403,1
1,0,0.56716484,1
1,0,0.59061813,1
1,0,0.55184036,1
1,0,0.5522251,1
1,0,0.55077446,1
1,0,0.5498436,1
1,0,0.5601084,1
1,0,0.6023774,1
1,0,0.5674093,1
1,0,0.590365,1
1,1,0.5514367,1
1,1,0.52780217,1
1,1,0.50502634,1
1,1,0.5311176,1
1,1,0.5631975,1
1,1,0.55332243,1
1,1,0.53972733,1
1,1,0.55160797,1
1,1,0.5356207,1
1,1,0.57792646,1
1,1,0.5270457,1
1,1,0.52657205,1
1,1,0.54907113,1
1,1,0.5670183,1
1,1,0.59374017,1
1,0,0.5700014,1
1,0,0.56351066,1
1,0,0.55436623,1
1,0,0.5764929,1
1,0,0.499424,0
1,0,0.5285514,1
1,0,0.56830907,1
1,0,0.5503665,1
1,0,0.6079492,1
1,0,0.59157974,1
1,0,0.57700175,1
1,0,0.5831268,1
1,0,0.56883025,1
1,0,0.58736384,1
1,0,0.56925255,1
1,0,0.59426147,1
1,0,0.57602274,1
1,0,0.5781015,1
1,0,0.56099415,1
1,0,0.5517413,1
1,0,0.54530233,1
1,0,0.5597544,1
1,0,0.58442944,1
1,0,0.6281927,1
1,0,0.57507706,1
1,0,0.5589909,1
1,0,0.5793016,1
1,0,0.5747589,1
1,0,0.5347096,1
1,0,0.5471422,1
1,0,0.5717652,1
1,0,0.5663733,1
1,0,0.55557215,1
1,0,0.53829205,1
1,0,0.5277817,1
1,0,0.5308332,1
1,0,0.5328334,1
1,0,0.511188,1
1,0,0.54311407,1
1,0,0.54843235,1
1,0,0.5966956,1
1,0,0.5699931,1
1,0,0.55849355,1
1,0,0.5701686,1
1,0,0.59496367,1
1,0,0.5627436,1
1,0,0.5324083,1
1,0,0.5550159,1
1,0,0.5611534,1
1,0,0.5646605,1
1,0,0.5403995,1
1,0,0.5474148,1
1,0,0.5293746,1
1,0,0.5382086,1
1,0,0.5678931,1
1,0,0.5661562,1
1,0,0.5662482,1
1,0,0.557102,1
1,0,0.572133,1
1,0,0.581403,1
1,0,0.5682703,1
1,0,0.5782702,1
1,0,0.5849206,1
1,0,0.5656682,1
1,0,0.5727351,1
1,0,0.5791212,1
1,0,0.56119424,1
1,0,0.5695112,1
1,0,0.568362,1
1,0,0.56061286,1
1,0,0.5796693,1
1,0,0.5699552,1
1,0,0.5846406,1
1,0,0.5855479,1
1,0,0.57303625,1
1,0,0.5825387,1
1,0,0.5831481,1
1,0,0.583106,1
1,0,0.57944775,1
1,0,0.58076346,1
1,0,0.5847833,1
1,0,0.5704616,1
1,0,0.57287246,1
1,0,0.5713704,1
1,0,0.58857435,1
1,0,0.5729403,1
1,0,0.5756648,1
1,0,0.5621719,1
1,0,0.55737025,1
1,0,0.56166375,1
1,0,0.5673416,1
1,0,0.56332797,1
1,0,0.5662776,1
1,0,0.5652418,1
1,0,0.58903205,1
1,0,0.5872064,1
1,0,0.5729894,1
1,0,0.58279556,1
1,0,0.5903884,1
1,0,0.569499,1
1,0,0.5815954,1
1,0,0.5529418,1
1,0,0.5742276,1
1,0,0.5834373,1
1,0,0.5989877,1
1,0,0.62354183,1
1,0,0.5941303,1
1,0,0.5671861,1
1,0,0.5810206,1
1,0,0.5734106,1
1,0,0.5522176,1
1,0,0.57301754,1
1,0,0.5897171,1
1,0,0.57550436,1
1,0,0.5607864,1
1,0,0.551548,1
1,0,0.53727585,1
1,0,0.5591566,1
1,0,0.54247063,1
1,0,0.55456394,1
1,0,0.56258845,1
1,0,0.5637384,1
1,0,0.58793974,1
1,0,0.5717861,1
1,0,0.57967067,1
1,0,0.5796511,1
1,0,0.5707944,1
1,0,0.56993735,1
1,0,0.56476635,1
1,0,0.57567906,1
1,0,0.58461183,1
1,0,0.58249,1
1,0,0.56702334,1
1,0,0.5673023,1
1,0,0.5604386,1
1,0,0.54066044,1
1,0,0.534319,1
1,0,0.52971566,1
1,0,0.5796697,1
1,0,0.56424814,1
1,0,0.55877626,1
1,0,0.5853438,1
1,0,0.58166087,1
1,0,0.5691297,1
1,0,0.5788109,1
1,0,0.55679727,1
1,0,0.5711155,1
1,0,0.571841,1
1,0,0.5791864,1
1,0,0.5710938,1
1,0,0.5992878,1
1,0,0.5829943,1
1,0,0.5667383,1
1,0,0.60419416,1
1,1,0.5518553,1
1,1,0.5515039,1
1,1,0.5604034,1
1,1,0.55808294,1
1,1,0.55583084,1
1,1,0.5394606,1
1,1,0.5386586,1
1,1,0.53831595,1
1,1,0.55439276,1
1,1,0.55007386,1
1,1,0.5449633,1
1,1,0.5460798,1
1,1,0.5678275,1
1,1,0.45054853,0
1,1,0.5054716,1
1,1,0.45712826,0
1,1,0.49151605,0
1,1,0.4828048,0
1,1,0.48181847,0
1,1,0.44925374,0
1,1,0.510672,1
1,1,0.4782138,0
1,1,0.49122447,0
1,1,0.49612507,0
1,1,0.5110863,1
1,1,0.49827227,0
1,1,0.503843,1
1,1,0.48659217,0
1,1,0.47759327,0
1,1,0.56669486,1
1,1,0.5560654,1
1,1,0.55834395,1
1,1,0.5563894,1
1,1,0.5608096,1
1,1,0.5630824,1
1,1,0.5344059,1
1,1,0.5544289,1
1,1,0.5477895,1
1,1,0.52095836,1
1,1,0.5494615,1
1,1,0.52939385,1
1,1,0.55197126,1
1,1,0.5549362,1
1,1,0.54844123,1
1,1,0.5437131,1
1,1,0.5440867,1
1,1,0.5533892,1
1,1,0.5479353,1
1,1,0.5639283,1
1,1,0.53653926,1
1,1,0.5518461,1
1,1,0.54957867,1
1,1,0.5505881,1
1,1,0.5730045,1
1,1,0.5753799,1
1,1,0.5493188,1
1,1,0.55117923,1
1,1,0.5630496,1
1,1,0.5772127,1
1,1,0.5654397,1
1,1,0.58183277,1
1,1,0.6014312,1
1,1,0.56558293,1
1,1,0.568476,1
1,1,0.5581596,1
1,1,0.5492244,1
1,1,0.5438669,1
1,1,0.55120444,1
1,1,0.55626965,1
1,1,0.5686813,1
1,1,0.5482747,1
1,1,0.59648067,1
1,1,0.5871852,1
1,1,0.5665079,1
1,1,0.5892375,1
1,1,0.57437235,1
1,1,0.58886313,1
1,1,0.54918796,1
1,1,0.5493797,1
1,1,0.56720054,1
1,1,0.58644897,1
1,1,0.5816475,1
1,1,0.56592625,1
1,1,0.5829165,1
1,1,0.5666898,1
1,1,0.5728298,1
1,1,0.5336679,1
1,1,0.4814557,0
1,1,0.48826832,0
1,1,0.5027839,1
1,1,0.4941569,0
1,1,0.50193167,1
1,1,0.5181432,1
1,1,0.4986488,0
1,1,0.51786494,1
1,1,0.5069093,1
1,1,0.51299703,1
1,1,0.51570505,1
1,1,0.5051636,1
1,1,0.5046246,1
1,1,0.49938905,0
1,1,0.48519987,0
1,1,0.46633536,0
1,1,0.49590844,0
1,1,0.47962835,0
1,1,0.52706206,1
1,1,0.45867798,0
1,1,0.548896,1
1,1,0.5280857,1
1,1,0.53405726,1
1,0,0.55307204,1
1,0,0.56496465,1
1,0,0.5401875,1
1,0,0.54277295,1
1,0,0.53340864,1
1,0,0.55336946,1
1,0,0.5190762,1
1,0,0.56330496,1
1,0,0.5243241,1
1,0,0.5652179,1
1,0,0.5349338,1
1,0,0.5707613,1
1,0,0.57675207,1
1,0,0.5542967,1
1,0,0.5300222,1
1,0,0.5607816,1
1,0,0.5054875,1
1,0,0.550767,1
1,0,0.5244297,1
1,0,0.56367123,1
1,0,0.53936553,1
1,0,0.5721938,1
1,0,0.5894591,1
1,0,0.5653949,1
1,0,0.5744538,1
1,0,0.5640033,1
1,0,0.5309158,1
1,0,0.56509256,1
1,0,0.53181547,1
1,0,0.54503226,1
1,0,0.55657667,1
1,1,0.55545133,1
1,1,0.55683076,1
1,1,0.5628014,1
1,1,0.5537347,1
1,1,0.5786003,1
1,1,0.57827365,1
1,1,0.57417864,1
1,1,0.56295073,1
1,1,0.57315946,1
1,1,0.56528336,1
1,1,0.55942667,1
1,1,0.5384822,1
1,1,0.5655362,1
1,1,0.5514147,1
1,1,0.5578052,1
1,1,0.5653798,1
1,1,0.5679746,1
1,1,0.57321775,1
1,1,0.5564843,1
1,1,0.5451005,1
1,1,0.55695146,1
1,1,0.5403249,1
1,1,0.5471989,1
1,1,0.5231991,1
1,1,0.5246622,1
1,1,0.5326946,1
1,1,0.53328466,1
1,1,0.55927116,1
1,1,0.572046,1
1,1,0.56013274,1
1,1,0.5834384,1
1,1,0.54239297,1
1,0,0.55109924,1
1,0,0.5233795,1
1,0,0.55437124,1
1,0,0.51279444,1
1,0,0.53052217,1
1,0,0.5032518,1
1,0,0.5542522,1
1,1,0.54380083,1
1,1,0.54120016,1
1,1,0.5494785,1
1,1,0.56759375,1
1,1,0.5494336,1
1,0,0.5681432,1
1,0,0.5567838,1
1,0,0.54000735,1
1,0,0.56044555,1
1,0,0.54867804,1
1,0,0.50211346,1
1,0,0.54238147,1
1,1,0.53567404,1
1,1,0.5203916,1
1,1,0.5344262,1
1,1,0.5721884,1
1,1,0.5474376,1
1,1,0.5577612,1
1,1,0.5555941,1
1,1,0.56166756,1
1,1,0.5587904,1
1,1,0.53929096,1
1,1,0.55428785,1
1,1,0.54715866,1
1,1,0.5679481,1
1,1,0.55007124,1
1,1,0.56188416,1
1,1,0.56767124,1
1,1,0.5745772,1
1,1,0.564059,1
1,1,0.5390247,1
1,1,0.56614524,1
1,1,0.57726437,1
1,1,0.5588776,1
1,0,0.54753655,1
1,0,0.5564985,1
1,0,0.5641863,1
1,0,0.5446383,1
1,0,0.55242485,1
1,0,0.56294775,1
1,0,0.5536311,1
1,0,0.5264057,1
1,0,0.5334183,1
1,0,0.52224857,1
1,0,0.54400486,1
1,0,0.52995634,1
1,0,0.51239544,1
1,1,0.5225484,1
1,1,0.5030774,1
1,1,0.52475137,1
1,1,0.5369826,1
1,1,0.53799367,1
1,1,0.541617,1
1,1,0.56082153,1
1,1,0.5562716,1
1,1,0.5653864,1
1,1,0.53720236,1
1,1,0.5636972,1
1,1,0.5405254,1
1,1,0.5817889,1
1,1,0.5360553,1
1,1,0.5153872,1
1,1,0.5363297,1
1,1,0.565661,1
1,1,0.5321814,1
1,1,0.5034426,1
1,1,0.529381,1
1,1,0.5047099,1
1,1,0.5233903,1
1,1,0.49053773,0
1,1,0.52605075,1
1,1,0.52840793,1
1,1,0.50209886,1
1,1,0.5534578,1
1,1,0.543186,1
1,1,0.5390188,1
1,1,0.5593379,1
1,1,0.5853342,1
1,1,0.58507234,1
1,1,0.58459127,1
1,1,0.5637014,1
1,1,0.57964486,1
1,1,0.5720047,1
1,1,0.5988173,1
1,1,0.565682,1
1,1,0.5514274,1
1,1,0.5412651,1
1,1,0.5422747,1
1,1,0.54422706,1
1,1,0.51801324,1
1,1,0.53365785,1
1,1,0.5589965,1
1,1,0.5272584,1
1,1,0.5298183,1
1,1,0.53341115,1
1,1,0.5433317,1
1,1,0.5383026,1
1,1,0.5404128,1
1,1,0.550073,1
1,1,0.53739387,1
1,1,0.55764294,1
1,1,0.5405331,1
1,1,0.5756812,1
1,1,0.56900567,1
1,1,0.58813953,1
1,1,0.58107567,1
1,1,0.5557645,1
1,1,0.5679346,1
1,1,0.5860388,1
1,1,0.58121884,1
1,1,0.555856,1
1,1,0.60936177,1
1,1,0.57149816,1
1,1,0.61180466,1
1,1,0.6043779,1
1,1,0.6252395,1
1,1,0.5857112,1
1,1,0.5929481,1
1,1,0.61379313,1
1,1,0.5940553,1
1,1,0.5964843,1
1,1,0.5955323,1
1,1,0.60165083,1
1,1,0.60095406,1
1,1,0.59826785,1
1,1,0.5860612,1
1,1,0.55905294,1
1,1,0.6146956,1
1,1,0.570307,1
1,1,0.54842925,1
1,1,0.5873625,1
1,1,0.5468081,1
1,1,0.5774015,1
1,1,0.5731896,1
1,1,0.5450998,1
1,1,0.56316006,1
1,1,0.56248504,1
1,1,0.5303745,1
1,1,0.56243414,1
1,1,0.5464867,1
1,1,0.54944956,1
1,1,0.51739424,1
1,1,0.5594764,1
1,1,0.535567,1
1,1,0.55512446,1
1,1,0.5309158,1
1,1,0.56509256,1
1,1,0.53181547,1
1,1,0.54503226,1
1,1,0.55657667,1
1,1,0.55545133,1
1,1,0.55683076,1
1,1,0.5628014,1
1,1,0.5537347,1
1,1,0.5786003,1
1,1,0.57827365,1
1,1,0.57417864,1
1,1,0.56295073,1
1,1,0.57315946,1
1,1,0.56528336,1
1,1,0.55942667,1
1,1,0.5617466,1
1,1,0.5384822,1
1,1,0.5655362,1
1,1,0.5514147,1
1,1,0.5578052,1
1,1,0.5653798,1
1,1,0.5509075,1
1,0,0.5542522,1
1,0,0.54380083,1
1,0,0.54120016,1
1,0,0.5494785,1
1,0,0.56759375,1
1,0,0.5494336,1
1,0,0.5681432,1
1,0,0.5567838,1
1,0,0.54000735,1
1,1,0.54400486,1
1,1,0.52995634,1
1,1,0.51239544,1
1,1,0.5225484,1
1,1,0.5030774,1
1,1,0.52475137,1
1,1,0.5369826,1
1,1,0.53799367,1
1,1,0.541617,1
1,1,0.56082153,1
1,1,0.5562716,1
1,1,0.5653864,1
1,1,0.53720236,1
1,1,0.5636972,1
1,1,0.5405254,1
1,1,0.5817889,1
1,1,0.5360553,1
1,1,0.5153872,1
1,1,0.5363297,1
1,1,0.565661,1
1,1,0.5321814,1
1,1,0.5034426,1
1,1,0.529381,1
1,1,0.5047099,1
1,1,0.53585047,1
1,1,0.5278022,1
1,1,0.5177242,1
1,1,0.54095334,1
1,1,0.5947805,1
1,1,0.6183239,1
1,1,0.60346514,1
1,1,0.58175594,1
1,1,0.58001333,1
1,1,0.6345115,1
1,1,0.58145666,1
1,1,0.55121964,1
1,1,0.56414425,1
1,1,0.59259456,1
1,1,0.62424135,1
1,1,0.58642274,1
1,1,0.57723206,1
1,1,0.5957332,1
1,1,0.58491015,1
1,1,0.5850085,1
1,1,0.5713757,1
1,1,0.56099105,1
1,1,0.5604645,1
1,1,0.5697024,1
1,1,0.58762276,1
1,1,0.54272056,1
1,1,0.5717506,1
1,1,0.5594454,1
1,1,0.56496984,1
1,1,0.55690116,1
1,1,0.5677869,1
1,1,0.55531746,1
1,1,0.5527069,1
1,1,0.54957485,1
1,1,0.55834377,1
1,1,0.55077314,1
1,1,0.55067474,1
1,1,0.55949914,1
1,1,0.5434424,1
1,1,0.5614116,1
1,1,0.5532179,1
1,1,0.54780835,1
1,1,0.55971014,1
1,1,0.56034625,1
1,1,0.55761856,1
1,1,0.54520684,1
1,1,0.5419994,1
1,1,0.5469843,1
1,1,0.55727696,1
1,1,0.5607927,1
1,1,0.5562131,1
1,1,0.5442647,1
1,1,0.55577105,1
1,1,0.5413545,1
1,1,0.5689491,1
1,1,0.56162626,1
1,1,0.5625493,1
1,1,0.55060935,1
1,1,0.55243504,1
1,1,0.5382923,1
1,1,0.54642093,1
1,1,0.5561876,1
1,1,0.53730494,1
1,1,0.53789294,1
1,1,0.5381862,1
1,1,0.542472,1
1,1,0.546675,1
1,1,0.5385266,1
1,1,0.541239,1
1,1,0.5393894,1
1,1,0.5293181,1
1,1,0.5626385,1
1,1,0.57428974,1
1,1,0.5684736,1
1,1,0.5724351,1
1,1,0.5739083,1
1,1,0.57056993,1
1,1,0.5506872,1
1,1,0.5714081,1
1,1,0.5451289,1
1,1,0.54256135,1
1,1,0.5596731,1
1,1,0.56115097,1
1,1,0.56418294,1
1,1,0.5594683,1
1,1,0.54749703,1
1,1,0.56763226,1
1,1,0.5737211,1
1,1,0.5602014,1
1,1,0.5614009,1
1,1,0.55796397,1
1,1,0.54504347,1
1,1,0.5531155,1
1,1,0.55818546,1
1,1,0.5594502,1
1,1,0.5568325,1
1,1,0.5555646,1
1,1,0.5337339,1
1,1,0.5519287,1
1,1,0.54719704,1
1,0,0.5382205,1
1,0,0.5284102,1
1,0,0.56522954,1
1,0,0.5846434,1
1,0,0.5908874,1
1,0,0.5926116,1
1,0,0.5613553,1
1,0,0.5636385,1
1,0,0.5262017,1
1,0,0.5358035,1
1,1,0.4987026,0
1,1,0.54559064,1
1,1,0.58523935,1
1,1,0.5878355,1
1,1,0.6254216,1
1,1,0.5954145,1
1,1,0.55430675,1
1,1,0.54163235,1
1,1,0.56686574,1
1,1,0.55786043,1
1,1,0.5304987,1
1,1,0.55558926,1
1,1,0.58568877,1
1,1,0.5656048,1
1,1,0.60248166,1
1,1,0.5680188,1
1,1,0.56273246,1
1,1,0.5588494,1
1,1,0.5636809,1
1,1,0.59144664,1
1,1,0.55074227,1
1,1,0.5725167,1
1,1,0.56735444,1
1,1,0.5607246,1
1,1,0.5659504,1
1,1,0.5534964,1
1,1,0.58187217,1
1,1,0.55349714,1
1,1,0.56664777,1
1,1,0.5748325,1
1,1,0.5650234,1
1,1,0.5775948,1
1,1,0.5679578,1
1,1,0.5734797,1
1,1,0.56742465,1
1,1,0.5607564,1
1,1,0.57029176,1
1,1,0.5777114,1
1,1,0.55018544,1
1,1,0.5777197,1
1,1,0.58218867,1
1,1,0.56486875,1
1,1,0.5577596,1
1,1,0.5681212,1
1,1,0.5783823,1
1,1,0.5537897,1
1,1,0.56026834,1
1,1,0.54333025,1
1,1,0.565245,1
1,1,0.5620475,1
1,1,0.576559,1
1,1,0.5914838,1
1,1,0.56057674,1
1,1,0.5896267,1
1,1,0.5697594,1
1,1,0.5400714,1
1,1,0.58794403,1
1,1,0.56306255,1
1,1,0.56157506,1
1,1,0.5693735,1
1,1,0.5443609,1
1,1,0.54902065,1
1,1,0.5558624,1
1,1,0.5796382,1
1,1,0.57728076,1
1,1,0.5464698,1
1,1,0.5634234,1
1,1,0.6019913,1
1,1,0.56194067,1
1,1,0.55339426,1
1,1,0.58923095,1
1,1,0.5695764,1
1,1,0.56116015,1
1,1,0.5416984,1
1,1,0.59711295,1
1,1,0.5724949,1
1,1,0.53680325,1
1,1,0.5852075,1
1,1,0.564553,1
1,1,0.585183,1
1,1,0.5603551,1
1,1,0.5639466,1
1,1,0.5632086,1
1,1,0.5937914,1
1,1,0.56539994,1
1,1,0.587427,1
1,1,0.59209377,1
1,1,0.5657898,1
1,1,0.5883757,1
1,1,0.5867481,1
1,1,0.58840793,1
1,1,0.56035745,1
1,1,0.5764846,1
1,1,0.5688754,1
1,1,0.5896825,1
1,1,0.5818813,1
1,1,0.5570196,1
1,1,0.56806815,1
1,1,0.58716184,1
1,1,0.58225155,1
1,1,0.5551841,1
1,1,0.6109198,1
1,1,0.572607,1
1,1,0.5789889,1
1,1,0.5752945,1
1,1,0.5811466,1
1,1,0.60658306,1
1,1,0.5861725,1
1,1,0.61096036,1
1,1,0.5701433,1
1,1,0.5964642,1
1,1,0.6091291,1
1,1,0.60921335,1
1,1,0.5810436,1
1,1,0.5672542,1
1,1,0.57766765,1
1,1,0.615629,1
1,1,0.5722295,1
1,1,0.58466506,1
1,1,0.58997625,1
1,1,0.5704903,1
1,1,0.5921133,1
1,1,0.59439695,1
1,1,0.5896498,1
1,1,0.5997225,1
1,1,0.58606887,1
1,1,0.5564779,1
1,1,0.61618316,1
1,1,0.5703074,1
1,1,0.5480874,1
1,1,0.58677596,1
1,1,0.54905427,1
1,1,0.5785105,1
1,1,0.5608426,1
1,1,0.5748614,1
1,1,0.5614882,1
1,1,0.55729127,1
1,1,0.56740725,1
1,1,0.5711715,1
1,1,0.5640035,1
1,1,0.58137774,1
1,1,0.59140414,1
1,1,0.54357135,1
1,1,0.57569045,1
1,1,0.5728972,1
1,1,0.58079267,1
1,1,0.55091375,1
1,1,0.5469606,1
1,1,0.5672917,1
1,1,0.5471702,1
1,1,0.5560498,1
1,1,0.5545957,1
1,1,0.56001514,1
1,1,0.5607515,1
1,1,0.5845314,1
1,1,0.5549143,1
1,1,0.5512203,1
1,1,0.57054293,1
1,1,0.59049165,1
1,1,0.56663334,1
1,1,0.53513545,1
1,1,0.59555054,1
1,1,0.55885774,1
1,1,0.56036174,1
1,1,0.59944135,1
1,1,0.5937464,1
1,1,0.56841636,1
1,1,0.53632337,1
1,1,0.5994626,1
1,1,0.5670408,1
1,1,0.5820163,1
1,1,0.5811145,1
1,1,0.58163726,1
1,1,0.5904294,1
1,1,0.5186996,1
1,1,0.52186507,1
1,1,0.53663874,1
1,1,0.54781497,1
1,1,0.5513678,1
1,1,0.57129484,1
1,1,0.5630771,1
1,1,0.56306607,1
1,1,0.550666,1
1,1,0.536936,1
1,1,0.52799535,1
1,1,0.565144,1
1,1,0.5270896,1
1,1,0.5334563,1
1,1,0.5111123,1
1,1,0.5469813,1
1,1,0.53308827,1
1,1,0.5325523,1
1,1,0.5561559,1
1,1,0.54827577,1
1,1,0.5545392,1
1,1,0.5744794,1
1,1,0.603235,1
1,1,0.5350616,1
1,1,0.5581937,1
1,1,0.5609392,1
1,1,0.59342134,1
1,1,0.5702111,1
1,1,0.573557,1
1,1,0.58451664,1
1,1,0.54639506,1
1,1,0.549991,1
1,1,0.54419816,1
1,0,0.51861596,1
1,0,0.5465472,1
1,0,0.5261798,1
1,0,0.5496421,1
1,0,0.5769822,1
1,0,0.58122927,1
1,0,0.54722416,1
1,0,0.5321406,1
1,1,0.5073542,1
1,1,0.48321974,0
1,1,0.5059685,1
1,1,0.52679116,1
1,1,0.49994823,0
1,1,0.48844564,0
1,1,0.50174433,1
1,1,0.51471287,1
1,1,0.5182432,1
1,1,0.51277,1
1,1,0.5259601,1
1,1,0.51201564,1
1,1,0.48364457,0
1,1,0.49991888,0
1,1,0.51224864,1
1,1,0.5055801,1
1,1,0.5131606,1
1,1,0.50203025,1
1,1,0.5453878,1
1,1,0.5418782,1
1,1,0.5449171,1
1,1,0.5863364,1
1,1,0.59685296,1
1,1,0.5408686,1
1,1,0.5512435,1
1,1,0.5117976,1
1,1,0.501053,1
1,1,0.5123877,1
1,1,0.51018095,1
1,1,0.6108157,1
1,1,0.52279955,1
1,1,0.57981634,1
1,1,0.54493636,1
1,1,0.5679031,1
1,1,0.56956506,1
1,1,0.56617373,1
1,1,0.5821334,1
1,1,0.59367377,1
1,1,0.5778193,1
1,1,0.5805864,1
1,1,0.56381357,1
1,1,0.5887669,1
1,1,0.5598331,1
1,1,0.5479254,1
1,1,0.5559247,1
1,1,0.5772133,1
1,1,0.5898915,1
1,1,0.5240325,1
1,1,0.5686523,1
1,1,0.5717011,1
1,1,0.52977467,1
1,1,0.5471802,1
1,1,0.52232313,1
1,1,0.530636,1
1,1,0.5263471,1
1,1,0.5381784,1
1,1,0.5484669,1
1,1,0.5303659,1
1,1,0.5189655,1
1,1,0.5399408,1
1,1,0.5492926,1
1,1,0.5584972,1
1,1,0.5647852,1
1,1,0.5437516,1
1,1,0.5142407,1
1,1,0.57374316,1
1,1,0.573078,1
1,1,0.52887034,1
1,1,0.5593911,1
1,1,0.58214724,1
1,1,0.5533929,1
1,1,0.532064,1
1,1,0.5384341,1
1,1,0.49441192,0
1,1,0.5698305,1
1,1,0.5966304,1
1,1,0.5870919,1
1,1,0.5749237,1
1,1,0.5548915,1
1,1,0.5510883,1
1,1,0.5655915,1
1,1,0.53248703,1
1,1,0.5669192,1
1,1,0.5651121,1
1,1,0.54328024,1
1,1,0.53903747,1
1,1,0.58406883,1
1,1,0.58562773,1
1,1,0.5122432,1
1,1,0.5726642,1
1,1,0.5725262,1
1,1,0.5666885,1
1,1,0.54569334,1
1,1,0.51928514,1
1,1,0.53523296,1
1,1,0.49800384,0
1,1,0.49511945,0
1,1,0.47645932,0
1,1,0.49234945,0
1,1,0.48265582,0
1,1,0.51375264,1
1,1,0.5271907,1
1,1,0.58133996,1
1,1,0.5650682,1
1,1,0.5712751,1
1,1,0.573495,1
1,1,0.5629711,1
1,1,0.5543667,1
1,1,0.54016864,1
1,1,0.5408442,1
1,1,0.544389,1
1,1,0.53366894,1
1,1,0.5660726,1
1,1,0.571178,1
1,1,0.5455305,1
1,1,0.5350537,1
1,1,0.5548654,1
1,1,0.5118892,1
1,1,0.54064745,1
1,1,0.5197236,1
1,1,0.48885694,0
1,1,0.5181309,1
1,1,0.5258696,1
1,1,0.5802379,1
1,1,0.56145304,1
1,1,0.5568949,1
1,1,0.5786278,1
1,1,0.5525158,1
1,1,0.5601738,1
1,1,0.5489842,1
1,1,0.58520836,1
1,1,0.5535922,1
1,1,0.55051297,1
1,1,0.5578673,1
1,1,0.55770355,1
1,1,0.55962926,1
1,1,0.5622449,1
1,1,0.5532282,1
1,1,0.565745,1
1,1,0.54255575,1
1,1,0.5575852,1
1,1,0.55710834,1
1,1,0.5652372,1
1,1,0.56705725,1
1,1,0.5706325,1
1,1,0.5555245,1
1,1,0.53892785,1
1,1,0.5567261,1
1,1,0.56675303,1
1,1,0.57864034,1
1,1,0.54855984,1
1,1,0.56073475,1
1,1,0.5615527,1
1,1,0.5739154,1
1,1,0.59741914,1
1,1,0.5589821,1
1,1,0.57237047,1
1,1,0.58669376,1
1,1,0.57501286,1
1,1,0.5693526,1
1,1,0.58553845,1
1,1,0.5734106,1
1,1,0.49662787,0
1,1,0.45462832,0
1,1,0.50578797,1
1,1,0.4879829,0
1,1,0.47822124,0
1,1,0.48811358,0
1,1,0.48332253,0
1,1,0.47799376,0
1,1,0.48226872,0
1,1,0.5457353,1
1,1,0.54642475,1
1,1,0.564638,1
1,1,0.5439802,1
1,1,0.53325343,1
1,1,0.52690613,1
1,1,0.5336188,1
1,1,0.5346591,1
1,1,0.5207647,1
1,1,0.5178066,1
1,1,0.5216452,1
1,1,0.5363204,1
1,1,0.5140464,1
1,1,0.47749877,0
1,1,0.5160748,1
1,1,0.49273458,0
1,1,0.5403742,1
1,1,0.53135645,1
1,1,0.556819,1
1,1,0.53530574,1
1,1,0.5261326,1
1,1,0.51677424,1
1,1,0.5463357,1
1,1,0.5433317,1
1,1,0.54588073,1
1,1,0.5451114,1
1,1,0.5433765,1
1,1,0.53848577,1
1,1,0.54331553,1
1,1,0.54247624,1
1,1,0.5426957,1
1,1,0.5404533,1
1,1,0.5369965,1
1,1,0.5422414,1
1,1,0.5436811,1
1,1,0.5381377,1
1,1,0.554396,1
1,1,0.5280486,1
1,1,0.5400228,1
1,1,0.52605695,1
1,1,0.5350962,1
1,1,0.5425376,1
1,1,0.51817095,1
1,1,0.49077684,0
1,1,0.5280055,1
1,1,0.5102087,1
1,1,0.5384858,1
1,1,0.5335024,1
1,1,0.54757184,1
1,1,0.54908127,1
1,1,0.5250962,1
1,1,0.50348186,1
1,1,0.55412775,1
1,1,0.5427033,1
1,1,0.50633556,1
1,1,0.5154409,1
1,1,0.5521905,1
1,1,0.5065645,1
1,1,0.5041922,1
1,1,0.52169895,1
1,1,0.5341918,1
1,1,0.54687566,1
1,1,0.53256655,1
1,1,0.55997,1
1,1,0.55290616,1
1,1,0.55680114,1
1,1,0.5499913,1
1,1,0.55731255,1
1,1,0.5420616,1
1,1,0.5329403,1
1,1,0.59470934,1
1,1,0.54827327,1
1,1,0.59619147,1
1,1,0.5801515,1
1,1,0.52819175,1
1,1,0.5432206,1
1,1,0.5409829,1
1,1,0.52126974,1
1,1,0.5285892,1
1,1,0.54157215,1
1,1,0.57665247,1
1,1,0.57718974,1
1,1,0.53117716,1
1,1,0.5392098,1
1,1,0.5624167,1
1,1,0.55251414,1
1,1,0.5117147,1
1,1,0.5796091,1
1,1,0.5919206,1
1,1,0.5785685,1
1,1,0.57464814,1
1,1,0.5694651,1
1,1,0.55062157,1
1,1,0.54093367,1
1,1,0.5702901,1
1,1,0.5806854,1
1,1,0.5562765,1
1,1,0.5505627,1
1,1,0.57732964,1
1,1,0.581371,1
1,1,0.56857723,1
1,1,0.5713604,1
1,1,0.5848744,1
1,1,0.5802361,1
1,1,0.56457657,1
1,1,0.56128645,1
1,1,0.57235366,1
1,1,0.5599239,1
1,1,0.56802875,1
1,1,0.5771612,1
1,1,0.5984366,1
1,1,0.5884203,1
1,1,0.53544325,1
1,1,0.56868154,1
2,1,0.5106397,1
2,1,0.53458655,1
2,1,0.5499306,1
2,1,0.55492836,1
2,1,0.5312699,1
2,1,0.5277461,1
2,1,0.5379853,1
2,1,0.52603287,1
2,1,0.5613497,1
2,0,0.5473209,1
2,0,0.5351062,1
2,0,0.52075285,1
2,0,0.521314,1
2,0,0.518103,1
2,0,0.5413866,1
2,0,0.5021255,1
2,0,0.509972,1
2,0,0.5212898,1
2,0,0.51919556,1
2,0,0.5319835,1
2,1,0.6170435,1
2,1,0.5649793,1
2,1,0.56995267,1
2,1,0.58341336,1
2,1,0.55043924,1
2,1,0.56212044,1
2,1,0.56105185,1
2,1,0.56029916,1
2,1,0.574008,1
2,1,0.57506835,1
2,1,0.57712835,1
2,1,0.5615303,1
2,1,0.62021345,1
2,1,0.5553131,1
2,1,0.54047894,1
2,1,0.57742226,1
2,1,0.55807155,1
2,1,0.58293086,1
2,1,0.58100814,1
2,1,0.58708084,1
2,1,0.55503494,1
2,1,0.5734675,1
2,1,0.58615285,1
2,1,0.5579641,1
2,1,0.5879056,1
2,1,0.56043535,1
2,1,0.592089,1
2,1,0.5988216,1
2,1,0.6004613,1
2,1,0.5780827,1
2,1,0.5671053,1
2,1,0.57541263,1
2,1,0.5654842,1
2,1,0.6096698,1
2,1,0.56389755,1
2,1,0.56521827,1
2,1,0.54917365,1
2,1,0.5870085,1
2,1,0.5761126,1
2,1,0.57694554,1
2,1,0.5882256,1
2,1,0.5715765,1
2,1,0.58394724,1
2,1,0.62127864,1
2,1,0.5752453,1
2,1,0.6088159,1
2,1,0.53932977,1
2,1,0.5850297,1
2,1,0.58660126,1
2,1,0.58426994,1
2,1,0.5985732,1
2,1,0.5888331,1
2,1,0.5702956,1
2,1,0.5630914,1
2,1,0.5749325,1
2,1,0.55556124,1
2,1,0.54563755,1
2,1,0.58957845,1
2,1,0.5633724,1
2,1,0.56283134,1
2,1,0.5245914,1
2,1,0.5618605,1
2,1,0.539285,1
2,1,0.5527107,1
2,1,0.5855415,1
2,1,0.53771496,1
2,1,0.59177697,1
2,1,0.5684271,1
2,1,0.5430683,1
2,1,0.58969533,1
2,1,0.55067533,1
2,1,0.60209966,1
2,1,0.52032703,1
2,1,0.5474392,1
2,1,0.5744499,1
2,1,0.5635223,1
2,1,0.554565,1
2,1,0.54051495,1
2,1,0.5917784,1
2,1,0.5860737,1
2,1,0.59514004,1
2,1,0.5934234,1
2,1,0.57046586,1
2,1,0.5830551,1
2,1,0.581838,1
2,1,0.5507198,1
2,1,0.554787,1
2,1,0.55601805,1
2,1,0.5348491,1
2,1,0.5961664,1
2,1,0.5741244,1
2,1,0.55332226,1
2,1,0.5682885,1
2,1,0.57342845,1
2,1,0.55239916,1
2,1,0.55283856,1
2,1,0.5594506,1
2,1,0.5729155,1
2,1,0.5385072,1
2,1,0.5595239,1
2,1,0.5576692,1
2,1,0.56133395,1
2,1,0.56964093,1
2,1,0.5424488,1
2,1,0.5409487,1
2,1,0.5512426,1
2,1,0.56263524,1
2,1,0.57634664,1
2,1,0.5919816,1
2,1,0.57122386,1
2,1,0.6054322,1
2,1,0.5724982,1
2,1,0.5721155,1
2,1,0.593614,1
2,1,0.5697023,1
2,1,0.6202212,1
2,1,0.5728625,1
2,1,0.5775089,1
2,1,0.5989348,1
2,1,0.62279403,1
2,1,0.52444553,1
2,1,0.55329305,1
2,1,0.5451519,1
2,1,0.5152677,1
2,1,0.536364,1
2,1,0.55724144,1
2,1,0.5213178,1
2,1,0.5859182,1
2,1,0.5982556,1
2,1,0.5719196,1
2,1,0.6314707,1
2,1,0.59093636,1
2,1,0.5720966,1
2,1,0.60401756,1
2,1,0.60294676,1
2,1,0.60390687,1
2,1,0.6062536,1
2,1,0.61383104,1
2,1,0.5891776,1
2,1,0.6022169,1
2,1,0.6063886,1
2,1,0.54246575,1
2,1,0.60031205,1
2,1,0.56332237,1
2,1,0.5886678,1
2,1,0.57907766,1
2,1,0.5749995,1
2,1,0.5460249,1
2,1,0.5012354,1
2,1,0.5041121,1
2,1,0.51170063,1
2,1,0.49495852,0
2,1,0.49742377,0
2,1,0.51805085,1
2,1,0.5182309,1
2,1,0.5028891,1
2,1,0.51678395,1
2,1,0.5082326,1
2,1,0.5329672,1
2,1,0.53452855,1
2,1,0.53056765,1
2,1,0.4981539,0
2,1,0.52266526,1
2,1,0.53847396,1
2,1,0.51876193,1
2,1,0.49367717,0
2,1,0.5362194,1
2,1,0.6077162,1
2,1,0.58782685,1
2,1,0.58989674,1
2,1,0.5829883,1
2,1,0.55183893,1
2,1,0.5864346,1
2,1,0.5748402,1
2,1,0.53733444,1
2,1,0.52636445,1
2,1,0.5430449,1
2,1,0.53627264,1
2,1,0.5245442,1
2,1,0.534617,1
2,1,0.53514796,1
2,1,0.50057787,1
2,1,0.4843511,0
2,1,0.48759457,0
2,1,0.47685564,0
2,1,0.51961505,1
2,1,0.4610753,0
2,1,0.53252083,1
2,1,0.445783,0
2,1,0.52302176,1
2,1,0.49762207,0
2,1,0.5336883,1
2,1,0.5158485,1
2,1,0.5635,1
2,1,0.5831848,1
2,1,0.5160984,1
2,1,0.53842175,1
2,1,0.5404845,1
2,1,0.53662586,1
2,1,0.5212817,1
2,1,0.51790684,1
2,1,0.5284358,1
2,1,0.5507101,1
2,1,0.5322189,1
2,1,0.5334848,1
2,1,0.572175,1
2,1,0.5552599,1
2,1,0.5646479,1
2,1,0.58943075,1
2,1,0.5813094,1
2,1,0.59739625,1
2,1,0.58066934,1
2,1,0.56538844,1
2,1,0.575996,1
2,1,0.59439284,1
2,1,0.59448844,1
2,1,0.6006862,1
2,1,0.58009624,1
2,1,0.57887787,1
2,1,0.5871209,1
2,1,0.5860771,1
2,1,0.58344877,1
2,1,0.49995014,0
2,1,0.4566406,0
2,1,0.48557478,0
2,1,0.48583326,0
2,1,0.51204157,1
2,1,0.5361432,1
2,1,0.5614013,1
2,1,0.5696566,1
2,1,0.5388798,1
2,1,0.53966403,1
2,1,0.5489027,1
2,1,0.56704533,1
2,1,0.5471702,1
2,1,0.51943535,1
2,1,0.50260115,1
2,1,0.4831496,0
2,1,0.47668728,0
2,1,0.43967843,0
2,1,0.50822043,1
2,1,0.4906884,0
2,1,0.48816642,0
2,1,0.51661456,1
2,1,0.521252,1
2,1,0.47466952,0
2,1,0.54224813,1
2,1,0.5006399,1
2,1,0.5429318,1
2,1,0.51456565,1
2,1,0.54582995,1
2,1,0.5496796,1
2,1,0.52350444,1
2,1,0.54739136,1
2,1,0.53380054,1
2,1,0.53837365,1
2,1,0.534197,1
2,1,0.55180573,1
2,1,0.49008766,0
2,1,0.51391786,1
2,1,0.52552795,1
2,1,0.5089024,1
2,1,0.5292389,1
2,1,0.59253013,1
2,1,0.576493,1
2,1,0.56594485,1
2,1,0.5778175,1
2,1,0.5886468,1
2,1,0.5734568,1
2,1,0.5288322,1
2,1,0.4994912,0
2,1,0.5464019,1
2,1,0.5559011,1
2,1,0.51432705,1
2,1,0.519347,1
2,1,0.5189057,1
2,1,0.53322434,1
2,1,0.5262283,1
2,1,0.54127884,1
2,1,0.5450485,1
2,1,0.53124076,1
2,1,0.5644267,1
2,1,0.6263432,1
2,1,0.6282708,1
2,1,0.5818498,1
2,1,0.6257274,1
2,1,0.5945549,1
2,1,0.57353437,1
2,1,0.5872414,1
2,1,0.552728,1
2,1,0.54231733,1
2,1,0.6394261,1
2,1,0.58078605,1
2,1,0.6012446,1
2,1,0.58357686,1
2,1,0.54432046,1
2,1,0.62053114,1
2,1,0.61638093,1
2,1,0.59732467,1
2,1,0.58761877,1
2,1,0.62019974,1
2,1,0.5918744,1
2,1,0.56850326,1
2,1,0.5485398,1
2,1,0.5590909,1
2,1,0.58447295,1
2,1,0.5560258,1
2,1,0.59423494,1
2,1,0.55752057,1
2,1,0.5834225,1
2,1,0.5406302,1
2,1,0.58165103,1
2,1,0.5826019,1
2,0,0.5735524,1
2,0,0.5959333,1
2,0,0.5729691,1
2,0,0.59917104,1
2,0,0.5962506,1
2,0,0.619498,1
2,0,0.58947223,1
2,0,0.57765776,1
2,0,0.58414215,1
2,0,0.5457535,1
2,0,0.60283184,1
2,0,0.5554513,1
2,0,0.53694725,1
2,0,0.551769,1
2,0,0.55058587,1
2,0,0.5589146,1
2,0,0.588917,1
2,0,0.58477616,1
2,0,0.5682409,1
2,0,0.5659047,1
2,0,0.56813097,1
2,0,0.531767,1
2,0,0.5610082,1
2,0,0.55711293,1
2,0,0.59087586,1
2,0,0.6152021,1
2,0,0.595756,1
2,0,0.5778952,1
2,0,0.6074858,1
2,0,0.56501067,1
2,0,0.60385764,1
2,0,0.57673156,1
2,0,0.59131163,1
2,0,0.6115837,1
2,0,0.5576151,1
2,0,0.5915849,1
2,0,0.53988624,1
2,0,0.5391778,1
2,0,0.5838332,1
2,0,0.5560219,1
2,0,0.5577134,1
2,0,0.61181986,1
2,0,0.58335835,1
2,0,0.5660365,1
2,0,0.5685888,1
2,0,0.5788849,1
2,0,0.59877014,1
2,0,0.58454186,1
2,0,0.57518864,1
2,1,0.50975865,1
2,1,0.48343685,0
2,1,0.46763012,0
2,1,0.49908504,0
2,1,0.48140368,0
2,1,0.44742402,0
2,1,0.45243177,0
2,1,0.48278087,0
2,1,0.4915019,0
2,1,0.4898497,0
2,1,0.5114498,1
2,1,0.549022,1
2,1,0.5047221,1
2,1,0.5032133,1
2,1,0.5427002,1
2,1,0.47702345,0
2,1,0.50570667,1
2,1,0.46737865,0
2,1,0.5033732,1
2,1,0.55226296,1
2,1,0.5066049,1
2,1,0.5254201,1
2,1,0.5315149,1
2,1,0.5550022,1
2,1,0.50365436,1
2,1,0.5155359,1
2,1,0.5403513,1
2,1,0.49571544,0
2,1,0.5590283,1
2,1,0.48476282,0
2,1,0.53551114,1
2,1,0.5098232,1
2,1,0.517381,1
2,1,0.5034473,1
2,1,0.52126145,1
2,1,0.5512558,1
2,1,0.58800554,1
2,1,0.539936,1
2,1,0.5832623,1
2,1,0.5798748,1
2,1,0.5391545,1
2,1,0.52216357,1
2,1,0.52835953,1
2,1,0.5778113,1
2,1,0.5395023,1
2,1,0.5254328,1
2,1,0.48595887,0
2,1,0.4865948,0
2,1,0.50063175,1
2,1,0.5098946,1
2,1,0.52234906,1
2,1,0.56048995,1
2,1,0.5170793,1
2,1,0.50309557,1
2,1,0.4969711,0
2,1,0.5063446,1
2,1,0.56555164,1
2,1,0.5651126,1
2,1,0.5374248,1
2,1,0.57185125,1
2,1,0.5620809,1
2,1,0.5422624,1
2,1,0.55311775,1
2,1,0.5449384,1
2,1,0.5204072,1
2,1,0.5227948,1
2,1,0.50937146,1
2,1,0.4617922,0
2,1,0.49941885,0
2,1,0.5059742,1
2,1,0.4739929,0
2,1,0.47892463,0
2,1,0.51343185,1
2,1,0.537804,1
2,1,0.555524,1
2,1,0.5056211,1
2,1,0.5427967,1
2,1,0.55153877,1
2,1,0.52672255,1
2,1,0.57943374,1
2,1,0.4814216,0
2,1,0.51257354,1
2,1,0.53556,1
2,1,0.4956524,0
2,1,0.4709573,0
2,1,0.5310148,1
2,1,0.4797027,0
2,1,0.4723913,0
2,1,0.4894746,0
2,1,0.51262426,1
2,1,0.50167865,1
2,1,0.46115845,0
2,1,0.475144,0
2,1,0.5120159,1
2,0,0.5350015,1
2,0,0.57767665,1
2,0,0.5859068,1
2,0,0.56631136,1
2,0,0.58237845,1
2,0,0.5677527,1
2,0,0.5254989,1
2,0,0.5474181,1
2,0,0.5296662,1
2,0,0.55669427,1
2,0,0.57173234,1
2,0,0.491828,0
2,0,0.519977,1
2,0,0.56979877,1
2,0,0.56803775,1
2,0,0.5788741,1
2,0,0.5749746,1
2,0,0.5619971,1
2,0,0.5501086,1
2,0,0.48609015,0
2,0,0.5130976,1
2,0,0.48224244,0
2,0,0.5045957,1
2,0,0.5418499,1
2,0,0.50348157,1
2,0,0.6020788,1
2,0,0.5505038,1
2,0,0.56843996,1
2,0,0.50958323,1
2,0,0.5542115,1
2,0,0.517072,1
2,0,0.54699445,1
2,0,0.53830314,1
2,0,0.56065947,1
2,0,0.5508501,1
2,0,0.5209881,1
2,0,0.5753026,1
2,0,0.5588766,1
2,0,0.5216598,1
2,0,0.50181305,1
2,0,0.5448898,1
2,0,0.55328816,1
2,0,0.50774956,1
2,0,0.55005324,1
2,0,0.54396266,1
2,0,0.513568,1
2,0,0.52221984,1
2,0,0.54349947,1
2,0,0.54708046,1
2,0,0.527685,1
2,0,0.5253738,1
2,0,0.5089851,1
2,0,0.53058887,1
2,0,0.49802536,0
2,0,0.5369844,1
2,0,0.53707224,1
2,0,0.56221503,1
2,0,0.54003865,1
2,0,0.5618103,1
2,0,0.54768056,1
2,0,0.55459374,1
2,0,0.54696375,1
2,0,0.53773403,1
2,0,0.578144,1
2,0,0.5847214,1
2,0,0.53726494,1
2,0,0.54185224,1
2,0,0.51758385,1
2,0,0.5357947,1
2,1,0.55205363,1
2,1,0.54522437,1
2,1,0.5494458,1
2,1,0.53714323,1
2,1,0.5525,1
2,1,0.54924124,1
2,1,0.53130853,1
2,1,0.57742226,1
2,1,0.55894935,1
2,1,0.5358638,1
2,1,0.5396455,1
2,1,0.5588205,1
2,1,0.5675276,1
2,1,0.57969606,1
2,1,0.5605764,1
2,1,0.54057914,1
2,1,0.5557564,1
2,1,0.5421905,1
2,1,0.6263103,1
2,1,0.5807184,1
2,1,0.6014705,1
2,1,0.5881493,1
2,1,0.5954551,1
2,1,0.62552875,1
2,1,0.6275938,1
2,1,0.62745184,1
2,1,0.6245146,1
2,1,0.5711485,1
2,1,0.6311112,1
2,1,0.54199344,1
2,1,0.6229639,1
2,1,0.5401248,1
2,1,0.5123707,1
2,1,0.50810033,1
2,1,0.52281153,1
2,1,0.5573121,1
2,1,0.5213504,1
2,1,0.48873377,0
2,1,0.51661223,1
2,1,0.570423,1
2,1,0.49976435,0
2,1,0.5079986,1
2,1,0.51284844,1
2,1,0.49687538,0
2,0,0.5377559,1
2,0,0.527399,1
2,0,0.5225591,1
2,0,0.50943875,1
2,0,0.49692923,0
2,0,0.5250879,1
2,0,0.5008936,1
2,0,0.5062385,1
2,0,0.49545768,0
2,0,0.51612365,1
2,0,0.50732064,1
2,0,0.5234964,1
2,0,0.5481795,1
2,0,0.51404417,1
2,0,0.4744927,0
2,0,0.52239835,1
2,0,0.48880258,0
2,0,0.5565987,1
2,0,0.48294988,0
2,0,0.51181763,1
2,0,0.5002959,1
2,0,0.52192444,1
2,0,0.51776725,1
2,0,0.521509,1
2,0,0.5143935,1
2,0,0.5032948,1
2,0,0.5120029,1
2,0,0.47289798,0
2,0,0.5283689,1
2,0,0.49657008,0
2,0,0.48911932,0
2,0,0.5417326,1
2,0,0.5408386,1
2,0,0.54745007,1
2,0,0.5446905,1
2,0,0.5369786,1
2,0,0.5481196,1
2,0,0.5294894,1
2,0,0.52127486,1
2,0,0.5851585,1
2,0,0.548411,1
2,0,0.5168495,1
2,0,0.5237582,1
2,0,0.5693513,1
2,0,0.5062917,1
2,0,0.47331113,0
2,0,0.48670262,0
2,0,0.5085546,1
2,0,0.504035,1
2,0,0.47347924,0
2,0,0.50570565,1
2,0,0.5185835,1
2,0,0.5228125,1
2,0,0.5058864,1
2,0,0.5276838,1
2,0,0.49291685,0
2,0,0.53485656,1
2,0,0.5453129,1
2,0,0.5496662,1
2,0,0.51781434,1
2,0,0.6255612,1
2,0,0.58839786,1
2,0,0.5069395,1
2,0,0.6024124,1
2,0,0.58967143,1
2,0,0.5661671,1
2,0,0.54059124,1
2,0,0.5704622,1
2,0,0.64237875,1
2,0,0.5900923,1
2,0,0.56231785,1
2,0,0.59922266,1
2,0,0.61848795,1
2,0,0.52516353,1
2,0,0.5571833,1
2,0,0.5361829,1
2,0,0.53585535,1
2,0,0.4780782,0
2,0,0.5623944,1
2,0,0.51864123,1
2,0,0.50922656,1
2,0,0.5332389,1
2,0,0.55495846,1
2,0,0.52849555,1
2,0,0.5170061,1
2,0,0.5677447,1
2,0,0.55141157,1
2,0,0.5651326,1
2,0,0.52210236,1
2,0,0.53425497,1
2,0,0.54287434,1
2,0,0.5931648,1
2,0,0.5311783,1
2,0,0.52426714,1
2,0,0.5991767,1
2,0,0.57942814,1
2,0,0.5262822,1
2,0,0.52685976,1
2,0,0.57588047,1
2,0,0.5066404,1
2,0,0.48863262,0
2,0,0.4684341,0
2,0,0.5513872,1
2,0,0.4757064,0
2,0,0.48341858,0
2,0,0.479969,0
2,0,0.5348719,1
2,0,0.49035397,0
2,0,0.49246207,0
2,0,0.48687822,0
2,0,0.5657306,1
2,0,0.5006164,1
2,0,0.5256267,1
2,0,0.5137939,1
2,0,0.559281,1
2,0,0.5357377,1
2,0,0.52970123,1
2,0,0.51220137,1
2,0,0.5160539,1
2,0,0.5378831,1
2,0,0.5561269,1
2,0,0.56538916,1
2,0,0.5422487,1
2,0,0.53509504,1
2,0,0.5879249,1
2,0,0.5600976,1
2,0,0.5700622,1
2,0,0.55100363,1
2,0,0.58315533,1
2,0,0.5869104,1
2,0,0.5822275,1
2,0,0.5780295,1
2,0,0.5977481,1
2,0,0.54743415,1
2,0,0.57567704,1
2,0,0.5474794,1
2,0,0.56154585,1
2,0,0.5661254,1
2,0,0.44648463,0
2,0,0.56592363,1
2,0,0.5063546,1
2,0,0.49024248,0
2,0,0.51949596,1
2,0,0.5286356,1
2,0,0.55611634,1
2,0,0.4510932,0
2,0,0.56446415,1
2,0,0.57440513,1
2,0,0.520746,1
2,0,0.535962,1
2,0,0.5468767,1
2,0,0.53521496,1
2,0,0.54445815,1
2,0,0.56519985,1
2,0,0.5504474,1
2,0,0.5476786,1
2,0,0.5646918,1
2,0,0.59177876,1
2,0,0.5095206,1
2,0,0.5802621,1
2,0,0.5887508,1
2,0,0.58766717,1
2,0,0.5115556,1
2,0,0.5410294,1
2,0,0.58427817,1
2,0,0.5519502,1
2,0,0.50848716,1
2,0,0.53739333,1
2,0,0.550928,1
2,0,0.51879615,1
2,0,0.5452851,1
2,0,0.52882767,1
2,0,0.51509833,1
2,0,0.49758083,0
2,0,0.5067536,1
2,0,0.5280649,1
2,0,0.4899473,0
2,0,0.5025778,1
2,0,0.5198918,1
2,0,0.53342617,1
2,0,0.52817583,1
2,0,0.50070345,1
2,0,0.5211375,1
2,0,0.52054226,1
2,0,0.5002316,1
2,0,0.5241827,1
2,0,0.51861674,1
2,0,0.5488283,1
2,0,0.52364665,1
2,0,0.5281683,1
2,0,0.5437637,1
2,0,0.5613217,1
2,0,0.5280649,1
2,0,0.52633035,1
2,0,0.552233,1
2,0,0.58470726,1
2,0,0.53227156,1
2,0,0.5152792,1
2,0,0.558532,1
2,0,0.5499639,1
2,0,0.51846737,1
2,0,0.5278048,1
2,0,0.56629,1
2,0,0.49140808,0
2,0,0.45800358,0
2,0,0.4989785,0
2,0,0.5449777,1
2,0,0.5301691,1
2,0,0.46998045,0
2,0,0.5108531,1
2,0,0.50842935,1
2,0,0.49713692,0
2,0,0.5098768,1
2,0,0.5297707,1
2,0,0.51141506,1
2,0,0.5188444,1
2,0,0.5134934,1
2,0,0.5328635,1
2,0,0.49701762,0
2,0,0.530845,1
2,0,0.515487,1
2,0,0.5315154,1
2,0,0.50825167,1
2,0,0.5415336,1
2,0,0.5142122,1
2,0,0.54870415,1
2,0,0.5305066,1
2,0,0.49527663,0
2,0,0.5136123,1
2,0,0.54011416,1
2,0,0.50435907,1
2,0,0.47441527,0
2,0,0.5187785,1
2,0,0.5566523,1
2,0,0.53991884,1
2,0,0.5251603,1
2,0,0.52866316,1
2,0,0.5859273,1
2,0,0.51297665,1
2,0,0.49961087,0
2,0,0.45141608,0
2,0,0.55479723,1
2,0,0.5042186,1
2,0,0.5189588,1
2,0,0.56303,1
2,0,0.5468487,1
2,0,0.53506875,1
2,0,0.54821646,1
2,0,0.53319335,1
2,0,0.5573287,1
2,0,0.52870196,1
2,0,0.5488325,1
2,0,0.57294023,1
2,0,0.5388715,1
2,0,0.54861635,1
2,0,0.5324798,1
2,0,0.5445433,1
2,0,0.5506506,1
2,0,0.54508704,1
2,0,0.53936625,1
2,0,0.49937907,0
2,0,0.54894346,1
2,0,0.49055701,0
2,0,0.5308606,1
2,0,0.568299,1
2,0,0.5480751,1
2,0,0.52954555,1
2,0,0.53160477,1
2,0,0.5291971,1
2,0,0.5641814,1
2,0,0.5527717,1
2,0,0.53339005,1
2,0,0.56205827,1
2,0,0.5669707,1
2,0,0.4901916,0
2,0,0.5404552,1
2,0,0.5473518,1
2,0,0.59310704,1
2,0,0.55355203,1
2,0,0.5777998,1
2,0,0.6269764,1
2,0,0.5622707,1
2,0,0.5777647,1
2,0,0.57927364,1
2,0,0.59440285,1
2,0,0.5274528,1
2,0,0.54281753,1
2,0,0.5055438,1
2,0,0.5229779,1
2,0,0.48985845,0
2,0,0.5274953,1
2,0,0.52188283,1
2,0,0.5138389,1
2,0,0.52323675,1
2,0,0.5602115,1
2,0,0.5533658,1
2,0,0.52814466,1
2,0,0.54498833,1
2,0,0.49934906,0
2,0,0.5133933,1
2,0,0.49508777,0
2,0,0.5247326,1
2,0,0.5243302,1
2,0,0.5033855,1
2,0,0.50341594,1
2,0,0.512894,1
2,0,0.54452074,1
2,0,0.55327857,1
2,0,0.49650785,0
2,0,0.5416731,1
2,0,0.5786918,1
2,0,0.5147605,1
2,0,0.4899007,0
2,0,0.49701002,0
2,1,0.56562823,1
2,1,0.47137094,0
2,1,0.499147,0
2,1,0.48610744,0
2,1,0.5485878,1
2,1,0.49805102,0
2,1,0.504896,1
2,1,0.4766546,0
2,1,0.508242,1
2,0,0.48093313,0
2,0,0.52005404,1
2,0,0.5119308,1
2,0,0.5100323,1
2,0,0.4977114,0
2,0,0.5277158,1
2,0,0.47575483,0
2,0,0.48440674,0
2,0,0.5351015,1
2,0,0.5500714,1
2,0,0.5394114,1
2,0,0.5406755,1
2,0,0.5443974,1
2,0,0.5718864,1
2,0,0.54693305,1
2,0,0.5495747,1
2,0,0.55417585,1
2,0,0.56911093,1
2,0,0.5346994,1
2,0,0.5443176,1
2,0,0.55941284,1
2,0,0.57577306,1
2,0,0.51021045,1
2,0,0.53490347,1
2,0,0.52888656,1
2,0,0.49966365,0
2,0,0.5168437,1
2,0,0.5225541,1
2,0,0.5363959,1
2,0,0.50468755,1
2,0,0.55262035,1
2,0,0.45968208,0
2,0,0.4633427,0
2,0,0.5467557,1
2,0,0.5329848,1
2,0,0.53251666,1
2,0,0.46961996,0
2,0,0.49875766,0
2,0,0.5263058,1
2,0,0.50778955,1
2,0,0.5566875,1
2,0,0.55617124,1
2,0,0.530407,1
2,0,0.5520266,1
2,0,0.5760971,1
2,0,0.5306979,1
2,0,0.53544533,1
2,0,0.6049012,1
2,0,0.57387054,1
2,0,0.5359528,1
2,0,0.521585,1
2,0,0.5648812,1
2,0,0.5628262,1
2,0,0.5134987,1
2,0,0.4995812,0
2,0,0.54239064,1
2,0,0.52181584,1
2,0,0.48430347,0
2,0,0.490638,0
2,0,0.53023505,1
2,0,0.50540036,1
2,0,0.48977444,0
2,0,0.48897123,0
2,0,0.52245873,1
2,0,0.48539335,0
2,0,0.484142,0
2,0,0.511498,1
2,0,0.48455414,0
2,0,0.5081415,1
2,0,0.5191105,1
2,0,0.511532,1
2,0,0.5169441,1
2,0,0.4985606,0
2,0,0.5051468,1
2,0,0.5310965,1
2,0,0.5309443,1
2,0,0.5277696,1
2,0,0.5202803,1
2,0,0.54095435,1
2,0,0.5364544,1
2,0,0.5408861,1
2,0,0.53284407,1
2,0,0.5587864,1
2,0,0.5449346,1
2,0,0.5646162,1
2,0,0.55562466,1
2,0,0.5432526,1
2,0,0.5196311,1
2,0,0.5554711,1
2,0,0.5452834,1
2,0,0.5335077,1
2,0,0.5117423,1
2,0,0.56245154,1
2,0,0.5409195,1
2,0,0.58414304,1
2,0,0.58073884,1
2,0,0.5337986,1
2,0,0.51643836,1
2,0,0.50567317,1
2,0,0.5663854,1
2,0,0.5366137,1
2,0,0.5222843,1
2,0,0.5494369,1
2,0,0.51737607,1
2,0,0.5312359,1
2,0,0.5285858,1
2,0,0.52036417,1
2,0,0.46939397,0
2,0,0.5384179,1
2,0,0.52608824,1
2,0,0.5377329,1
2,0,0.52111673,1
2,0,0.5708576,1
2,0,0.53085387,1
2,0,0.50032157,1
2,0,0.54969305,1
2,0,0.5428714,1
2,0,0.53824776,1
2,0,0.5769403,1
2,0,0.5321765,1
2,0,0.55467296,1
2,0,0.5434133,1
2,0,0.5247792,1
2,0,0.48668182,0
2,0,0.5550989,1
2,0,0.5308827,1
2,0,0.53550035,1
2,0,0.48925656,0
2,0,0.52486247,1
2,0,0.5338311,1
2,0,0.47207052,0
2,0,0.5505049,1
2,0,0.5307433,1
2,0,0.5338357,1
2,0,0.54800224,1
2,0,0.5257989,1
2,0,0.49885365,0
2,0,0.56013346,1
2,0,0.53753597,1
2,0,0.5104938,1
2,0,0.54564637,1
2,0,0.5473619,1
2,0,0.543965,1
2,0,0.5248739,1
2,0,0.5216721,1
2,0,0.4506987,0
2,0,0.5423622,1
2,0,0.48322,0
2,0,0.51236624,1
2,0,0.55991435,1
2,0,0.5416786,1
2,0,0.5513887,1
2,0,0.52390873,1
2,0,0.56883514,1
2,0,0.5216877,1
2,0,0.5388275,1
2,0,0.5238431,1
2,0,0.48310128,0
2,0,0.4887599,0
2,0,0.54555804,1
2,0,0.52596503,1
2,0,0.55052334,1
2,0,0.5557974,1
2,0,0.56980354,1
2,0,0.5611355,1
2,0,0.5647242,1
2,0,0.52309626,1
2,0,0.5257186,1
2,0,0.530227,1
2,0,0.5336583,1
2,0,0.5541224,1
2,0,0.5319242,1
2,0,0.5323363,1
2,0,0.525675,1
2,0,0.510179,1
2,0,0.5513463,1
2,0,0.50363046,1
2,0,0.5333804,1
2,0,0.55094236,1
2,0,0.5238193,1
2,0,0.50938797,1
2,0,0.5196819,1
2,0,0.543847,1
2,0,0.4947627,0
2,0,0.5369419,1
2,0,0.5503375,1
2,0,0.5450803,1
2,0,0.48027372,0
2,0,0.48216808,0
2,0,0.5322191,1
2,0,0.5525629,1
2,0,0.5128257,1
2,0,0.55804104,1
2,0,0.5430421,1
2,0,0.49992314,0
2,0,0.46676907,0
2,0,0.50411123,1
2,0,0.547769,1
2,0,0.5025528,1
2,0,0.5564215,1
2,0,0.5610454,1
2,0,0.51043546,1
2,0,0.5306002,1
2,0,0.5614017,1
2,0,0.5552423,1
2,0,0.53996587,1
2,0,0.4769583,0
2,0,0.54522115,1
2,0,0.5056887,1
2,0,0.5507375,1
2,0,0.5603639,1
2,0,0.58830494,1
2,0,0.5563068,1
2,0,0.51980454,1
2,0,0.5083322,1
2,0,0.4909954,0
2,0,0.516658,1
2,0,0.4834423,0
2,0,0.47223517,0
2,0,0.52506876,1
2,0,0.52117187,1
2,0,0.5302041,1
2,0,0.53078794,1
2,0,0.5425273,1
2,0,0.54107744,1
2,0,0.57276374,1
2,0,0.5893311,1
2,0,0.58537143,1
2,0,0.5722089,1
2,0,0.54611266,1
2,0,0.5226029,1
2,0,0.53549355,1
2,0,0.5538306,1
2,0,0.53835475,1
2,0,0.5396015,1
2,0,0.5341586,1
2,0,0.526698,1
2,0,0.5832386,1
2,0,0.5351325,1
2,0,0.551765,1
2,0,0.4988202,0
2,0,0.5124496,1
2,0,0.56242365,1
2,0,0.5764145,1
2,0,0.52459747,1
2,0,0.53812474,1
2,0,0.5517019,1
2,0,0.61909485,1
2,0,0.55895996,1
2,0,0.6006511,1
2,0,0.55784583,1
2,0,0.5554587,1
2,0,0.55958724,1
2,0,0.56288034,1
2,0,0.58512104,1
2,0,0.58201987,1
2,0,0.56587064,1
2,0,0.5816244,1
2,0,0.5291908,1
2,0,0.50497985,1
2,0,0.5962517,1
2,0,0.5640299,1
2,0,0.55582106,1
2,0,0.5690704,1
2,0,0.5587091,1
2,0,0.5515711,1
2,0,0.54355335,1
2,0,0.5577772,1
2,0,0.5807311,1
2,0,0.5609469,1
2,0,0.55152196,1
2,0,0.56944555,1
2,0,0.5395996,1
2,0,0.56711984,1
2,0,0.53957653,1
2,0,0.59355944,1
2,0,0.5353297,1
2,0,0.5309726,1
2,0,0.55816054,1
2,0,0.5338945,1
2,0,0.5533611,1
2,0,0.53423697,1
2,0,0.5728062,1
2,0,0.53855705,1
2,0,0.5325993,1
2,0,0.5377666,1
2,0,0.5604104,1
2,0,0.56837726,1
2,0,0.54271054,1
2,0,0.50615156,1
2,0,0.5372455,1
2,0,0.50298405,1
2,0,0.517748,1
2,0,0.47951987,0
2,0,0.5221531,1
2,0,0.50942487,1
2,0,0.50531375,1
2,0,0.54683816,1
2,0,0.52672946,1
2,0,0.5411809,1
2,0,0.53207463,1
2,0,0.55702996,1
2,0,0.5214937,1
2,0,0.5207235,1
2,0,0.55974114,1
2,0,0.5104856,1
2,0,0.54947555,1
2,0,0.53525114,1
2,0,0.53505147,1
2,0,0.5660386,1
2,0,0.52766484,1
2,0,0.53824306,1
2,0,0.49251842,0
2,0,0.50992244,1
2,0,0.45344302,0
2,0,0.50363684,1
2,0,0.5137231,1
2,0,0.5361063,1
2,0,0.5066215,1
2,0,0.5190125,1
2,0,0.48839244,0
2,0,0.54612684,1
2,0,0.5350958,1
2,0,0.5145821,1
2,0,0.5754375,1
2,0,0.56791925,1
2,0,0.5992928,1
2,0,0.5998248,1
2,0,0.5815218,1
2,0,0.5472333,1
2,0,0.5568039,1
2,0,0.51782787,1
2,0,0.5335651,1
2,0,0.4949606,0
2,0,0.55261123,1
2,0,0.49987507,0
2,0,0.5746314,1
2,0,0.5183376,1
2,0,0.5204941,1
2,0,0.52899003,1
2,0,0.5536046,1
2,0,0.5588158,1
2,0,0.5337009,1
2,0,0.5482714,1
2,0,0.54185355,1
2,0,0.5373786,1
2,0,0.52567,1
2,0,0.5246683,1
2,0,0.5529707,1
2,0,0.55413264,1
2,0,0.54010034,1
2,0,0.56342256,1
2,0,0.55135256,1
2,0,0.5587405,1
2,0,0.5589899,1
2,0,0.62164426,1
2,0,0.5294388,1
2,0,0.55994457,1
2,0,0.5901901,1
2,0,0.59177065,1
2,0,0.598343,1
2,0,0.61660403,1
2,0,0.62368,1
2,0,0.6414591,1
2,0,0.62777156,1
2,0,0.6463241,1
2,0,0.6269151,1
2,0,0.6465754,1
2,0,0.6326469,1
2,0,0.6026535,1
2,0,0.5876675,1
2,0,0.56555635,1
2,0,0.5601284,1
2,0,0.59372896,1
2,0,0.5893737,1
2,0,0.58942556,1
2,0,0.5856914,1
2,0,0.52510786,1
2,0,0.5526684,1
2,0,0.59794074,1
2,0,0.59729993,1
2,0,0.54911387,1
2,0,0.609067,1
2,0,0.60605067,1
2,0,0.5830793,1
2,0,0.61923546,1
2,0,0.5818054,1
2,0,0.55101013,1
2,0,0.5612813,1
2,0,0.590111,1
2,0,0.6026078,1
2,0,0.5674686,1
2,0,0.60131973,1
2,0,0.5884154,1
2,0,0.57463014,1
2,0,0.5649937,1
2,0,0.5659047,1
2,0,0.5668054,1
2,0,0.5334408,1
2,0,0.5617401,1
2,0,0.5637752,1
2,0,0.6351155,1
2,0,0.56138396,1
2,0,0.5946566,1
2,0,0.54410976,1
2,0,0.56498766,1
2,0,0.56777734,1
2,0,0.61097425,1
2,0,0.5553017,1
2,0,0.57106423,1
2,0,0.5486476,1
2,0,0.61203545,1
2,0,0.57554346,1
2,0,0.57287216,1
2,0,0.5565536,1
2,0,0.58140326,1
2,0,0.5601488,1
2,0,0.5548062,1
2,0,0.55560166,1
2,0,0.57643527,1
2,0,0.5853238,1
2,0,0.52468836,1
2,0,0.56180143,1
2,0,0.53600895,1
2,0,0.5665758,1
2,0,0.55402476,1
2,0,0.5733465,1
2,0,0.5335808,1
2,0,0.5448219,1
2,0,0.5306459,1
2,0,0.54877925,1
2,0,0.5218681,1
2,0,0.4964787,0
2,0,0.53437626,1
2,0,0.5250313,1
2,0,0.5126781,1
2,0,0.5257333,1
2,0,0.5047085,1
2,0,0.51774836,1
2,0,0.5644098,1
2,0,0.54181117,1
2,0,0.5501941,1
2,0,0.5501902,1
2,0,0.5142072,1
2,0,0.5043434,1
2,0,0.53382796,1
2,0,0.5504479,1
2,0,0.50991297,1
2,0,0.51895213,1
2,0,0.5398417,1
2,0,0.53639215,1
2,0,0.52354664,1
2,0,0.5261411,1
2,0,0.5107903,1
2,0,0.523064,1
2,0,0.47214803,0
2,0,0.5874795,1
2,0,0.5314315,1
2,0,0.5647989,1
2,0,0.59740764,1
2,0,0.5345553,1
2,0,0.6078805,1
2,0,0.5212878,1
2,0,0.5591351,1
2,0,0.55737853,1
2,0,0.557284,1
2,0,0.50422114,1
2,0,0.52285683,1
2,0,0.5286804,1
2,0,0.54103243,1
2,0,0.55377907,1
2,0,0.5912575,1
2,0,0.56047827,1
2,0,0.5663772,1
2,0,0.5761917,1
2,0,0.6149046,1
2,0,0.5526713,1
2,0,0.5758724,1
2,0,0.5435725,1
2,0,0.5298651,1
2,0,0.5367323,1
2,0,0.55648565,1
2,0,0.52448326,1
2,0,0.56715286,1
2,0,0.5953995,1
2,0,0.5661144,1
2,0,0.53279376,1
2,0,0.54686093,1
2,0,0.5549138,1
2,0,0.5732121,1
2,0,0.572142,1
2,0,0.5473991,1
2,0,0.54706246,1
2,0,0.53311706,1
2,0,0.5292546,1
2,0,0.5575991,1
2,0,0.5415296,1
2,0,0.5700526,1
2,0,0.52748764,1
2,0,0.48440376,0
2,0,0.53159976,1
2,0,0.5531052,1
2,0,0.51676095,1
2,0,0.5156986,1
2,0,0.54604757,1
2,0,0.5085871,1
2,0,0.5132628,1
2,0,0.5770167,1
2,0,0.5649553,1
2,0,0.5225352,1
2,0,0.5228612,1
2,0,0.5290789,1
2,0,0.52123344,1
2,0,0.52689826,1
2,0,0.54557985,1
2,0,0.51736575,1
2,0,0.53158104,1
2,0,0.53989035,1
2,0,0.5397897,1
2,0,0.58255196,1
2,0,0.5900025,1
2,0,0.58535,1
2,0,0.55952233,1
2,0,0.59597176,1
2,0,0.5786241,1
2,0,0.55504405,1
2,0,0.59235334,1
2,0,0.5603556,1
2,0,0.55164814,1
2,0,0.55633897,1
2,0,0.5366155,1
2,0,0.5488667,1
2,0,0.55175984,1
2,0,0.5774226,1
2,0,0.5472436,1
2,0,0.549244,1
2,0,0.5635778,1
2,0,0.5769234,1
2,0,0.56845564,1
2,0,0.57111895,1
2,0,0.5398003,1
2,0,0.5690478,1
2,0,0.54966664,1
2,0,0.5766735,1
2,0,0.57156724,1
2,0,0.5450897,1
2,0,0.58763385,1
2,0,0.61342615,1
2,0,0.5962741,1
2,0,0.6040515,1
2,0,0.5794999,1
2,0,0.59994316,1
2,0,0.55840343,1
2,0,0.57775724,1
2,0,0.6170803,1
2,0,0.5501379,1
2,0,0.5414353,1
2,0,0.5558464,1
2,0,0.5701001,1
2,0,0.5542829,1
2,0,0.5251866,1
2,0,0.60110164,1
2,0,0.5888353,1
2,0,0.56501687,1
2,0,0.52676916,1
2,0,0.51605,1
2,0,0.54654956,1
2,0,0.5288583,1
2,0,0.53521264,1
2,0,0.5363975,1
2,0,0.54509366,1
2,0,0.51685804,1
2,0,0.4995647,0
2,0,0.5562176,1
2,0,0.53999186,1
2,0,0.5312462,1
2,0,0.53886056,1
2,0,0.56365764,1
2,0,0.559512,1
2,0,0.5549333,1
2,0,0.58470964,1
2,0,0.55363744,1
2,0,0.58691907,1
2,0,0.572881,1
2,0,0.6270255,1
2,0,0.6030764,1
2,0,0.57691956,1
2,0,0.59013706,1
2,0,0.55332696,1
2,0,0.56865126,1
2,0,0.5979505,1
2,0,0.5451328,1
2,0,0.5144793,1
2,0,0.5215907,1
2,0,0.54305416,1
2,0,0.47224855,0
2,0,0.5274744,1
2,0,0.52006483,1
2,0,0.53625005,1
2,0,0.54018426,1
2,0,0.52720225,1
2,0,0.56071806,1
2,0,0.55226165,1
2,0,0.53224784,1
2,0,0.5539069,1
2,0,0.517936,1
2,0,0.52333266,1
2,0,0.53455293,1
2,0,0.56717587,1
2,0,0.54328185,1
2,0,0.555628,1
2,0,0.5576749,1
2,0,0.55463994,1
2,0,0.5887216,1
2,0,0.59928036,1
2,0,0.50808597,1
2,0,0.53955007,1
2,0,0.55687004,1
2,0,0.61345434,1
2,0,0.5107663,1
2,0,0.51432174,1
2,0,0.57194877,1
2,0,0.55053085,1
2,0,0.518229,1
2,0,0.5436896,1
2,0,0.5523087,1
2,0,0.51965,1
2,0,0.48415875,0
2,0,0.52232957,1
2,0,0.5325045,1
2,0,0.53304213,1
2,0,0.5324753,1
2,0,0.5217607,1
2,0,0.5451939,1
2,0,0.5388323,1
2,0,0.57356566,1
2,0,0.5656254,1
2,0,0.5358092,1
2,0,0.54030055,1
2,0,0.55390763,1
2,0,0.5361127,1
2,0,0.54537445,1
2,0,0.556726,1
2,0,0.5306488,1
2,0,0.5165763,1
2,0,0.55755943,1
2,0,0.5706767,1
2,0,0.57354397,1
2,0,0.5273638,1
2,0,0.54402596,1
2,0,0.55868083,1
2,0,0.5764662,1
2,0,0.54514766,1
2,0,0.55128145,1
2,0,0.54609513,1
2,0,0.54833,1
2,0,0.5211,1
2,0,0.533589,1
2,0,0.5244441,1
2,0,0.5666693,1
2,0,0.5084224,1
2,0,0.54607,1
2,0,0.53650624,1
2,0,0.5394969,1
2,0,0.5574817,1
2,0,0.5453716,1
2,0,0.55637753,1
2,0,0.54561406,1
2,0,0.52719295,1
2,0,0.50478953,1
2,0,0.47633782,0
2,0,0.47698963,0
2,0,0.5814085,1
2,0,0.5516553,1
2,0,0.58427614,1
2,0,0.5573898,1
2,0,0.5623867,1
2,0,0.549004,1
2,0,0.5617474,1
2,0,0.55808836,1
2,0,0.5396012,1
2,0,0.5435931,1
2,0,0.56182,1
2,0,0.5453201,1
2,0,0.54677814,1
2,0,0.53305906,1
2,0,0.55875516,1
2,0,0.52247345,1
2,0,0.47911343,0
2,0,0.5219405,1
2,0,0.48781693,0
2,0,0.49563482,0
2,1,0.51660913,1
2,1,0.56130004,1
2,1,0.57424814,1
2,1,0.5401363,1
2,1,0.52223814,1
2,1,0.5371905,1
2,1,0.592532,1
2,1,0.5887414,1
2,1,0.60320586,1
2,1,0.5587176,1
2,1,0.6122043,1
2,1,0.5814125,1
2,1,0.5791023,1
2,1,0.57300436,1
2,1,0.555969,1
2,1,0.5561875,1
2,1,0.57870144,1
2,1,0.5751353,1
2,1,0.5690468,1
2,1,0.5845424,1
2,1,0.5905589,1
2,1,0.56689644,1
2,1,0.55494225,1
2,1,0.5496393,1
2,1,0.5761014,1
2,1,0.56247795,1
2,1,0.58219314,1
2,1,0.58496726,1
2,1,0.57554823,1
2,1,0.5964675,1
2,1,0.5475038,1
2,1,0.590873,1
2,1,0.5616091,1
2,1,0.5895082,1
2,1,0.59423655,1
2,1,0.60850036,1
2,1,0.57991326,1
2,1,0.5860404,1
2,1,0.56759405,1
2,1,0.59405667,1
2,1,0.58810216,1
2,1,0.58213997,1
2,1,0.59559983,1
2,1,0.541565,1
2,1,0.5926284,1
2,1,0.5672205,1
2,1,0.6116254,1
2,1,0.5687726,1
2,1,0.60335094,1
2,1,0.56099546,1
2,1,0.55254656,1
2,1,0.60948646,1
2,1,0.57643306,1
2,1,0.5842689,1
2,1,0.5621694,1
2,1,0.5507261,1
2,1,0.5664906,1
2,1,0.559117,1
2,1,0.55989164,1
2,1,0.5897726,1
2,1,0.59244144,1
2,1,0.54389185,1
2,1,0.59088695,1
2,1,0.60648227,1
2,1,0.5714984,1
2,1,0.59223914,1
2,1,0.5882961,1
2,1,0.5912029,1
2,1,0.58840024,1
2,1,0.5759106,1
2,1,0.6068799,1
2,1,0.5727402,1
2,1,0.61703444,1
2,1,0.5583767,1
2,1,0.5656218,1
2,1,0.53704345,1
2,1,0.5724444,1
2,1,0.54726684,1
2,1,0.55617905,1
2,1,0.5787688,1
2,1,0.529468,1
2,1,0.5095142,1
2,1,0.5292686,1
2,1,0.5671033,1
2,1,0.5508964,1
2,1,0.5309017,1
2,1,0.5541985,1
2,1,0.5392893,1
2,1,0.53399456,1
2,1,0.51880974,1
2,1,0.5731879,1
2,1,0.55637735,1
2,1,0.5498442,1
2,1,0.57702154,1
2,1,0.60144705,1
2,1,0.5663379,1
2,1,0.5597793,1
2,1,0.61033475,1
2,1,0.55971974,1
2,1,0.58063626,1
2,1,0.58076054,1
2,1,0.581385,1
2,1,0.594152,1
2,1,0.5819996,1
2,1,0.59846824,1
2,1,0.5435198,1
2,1,0.5426915,1
2,1,0.550369,1
2,1,0.54828864,1
2,1,0.5535141,1
2,1,0.56996727,1
2,1,0.61334306,1
2,1,0.4948747,0
2,1,0.47123262,0
2,1,0.49893615,0
2,1,0.45551115,0
2,1,0.5523803,1
2,1,0.4894214,0
2,1,0.54127425,1
2,1,0.5386151,1
2,1,0.5104053,1
2,1,0.54286474,1
2,1,0.5723173,1
2,1,0.570454,1
2,1,0.54622805,1
2,1,0.53089195,1
2,1,0.49224365,0
2,1,0.48618367,0
2,1,0.518379,1
2,1,0.5389178,1
2,1,0.5563217,1
2,1,0.5803631,1
2,1,0.5787013,1
2,1,0.6019272,1
2,1,0.58073735,1
2,1,0.56200844,1
2,1,0.55396855,1
2,1,0.62219083,1
2,1,0.5518507,1
2,1,0.6055925,1
2,1,0.59081006,1
2,1,0.6136993,1
2,1,0.6296748,1
2,1,0.545232,1
2,1,0.5717689,1
2,0,0.5221609,1
2,0,0.53880113,1
2,0,0.5208549,1
2,0,0.49895996,0
2,0,0.522108,1
2,0,0.5376608,1
2,0,0.54140455,1
2,0,0.5200542,1
2,0,0.4968826,0
2,0,0.49948266,0
2,0,0.5590554,1
2,0,0.5768607,1
2,0,0.57590467,1
2,0,0.5263412,1
2,0,0.5302814,1
2,0,0.5016251,1
2,0,0.54670244,1
2,0,0.5401174,1
2,0,0.5573916,1
2,0,0.5799539,1
2,0,0.5225752,1
2,0,0.5449625,1
2,0,0.5569113,1
2,0,0.52705353,1
2,0,0.51306117,1
2,0,0.5362114,1
2,0,0.53908706,1
2,0,0.5583968,1
2,0,0.5776181,1
2,0,0.5581842,1
2,0,0.5726679,1
2,0,0.55467814,1
2,0,0.52776855,1
2,0,0.54343855,1
2,0,0.53660357,1
2,0,0.51745045,1
2,0,0.5271422,1
2,0,0.53817135,1
2,0,0.5103613,1
2,0,0.5490235,1
2,0,0.5329081,1
2,0,0.5169226,1
2,1,0.5239602,1
2,1,0.5435706,1
2,1,0.51568776,1
2,1,0.52712214,1
2,1,0.53185725,1
2,1,0.5342261,1
2,1,0.5761603,1
2,1,0.5600014,1
2,1,0.556498,1
2,1,0.56046534,1
2,1,0.56108457,1
2,1,0.539369,1
2,0,0.57517487,1
2,0,0.5743419,1
2,0,0.60331374,1
2,0,0.61095273,1
2,0,0.6263311,1
2,0,0.5931967,1
2,0,0.5893511,1
2,0,0.60693043,1
2,0,0.56807894,1
2,0,0.60974234,1
2,0,0.53620535,1
2,0,0.57823825,1
2,0,0.5739443,1
2,1,0.525094,1
2,1,0.5358136,1
2,1,0.5434689,1
2,1,0.5134075,1
2,1,0.53224826,1
2,1,0.53525186,1
2,1,0.547241,1
2,1,0.5707293,1
2,1,0.5656915,1
2,1,0.5692875,1
2,1,0.53155315,1
2,1,0.53016114,1
2,1,0.53652054,1
2,1,0.5326906,1
2,1,0.55203927,1
2,1,0.5297302,1
2,1,0.5544486,1
2,1,0.52477705,1
2,1,0.56851894,1
2,1,0.5598753,1
2,1,0.5769775,1
2,1,0.5523607,1
2,1,0.5778599,1
2,1,0.57067084,1
2,1,0.6041636,1
2,1,0.57182825,1
2,1,0.5709103,1
2,1,0.5871852,1
2,1,0.5652615,1
2,1,0.57386684,1
2,1,0.5698134,1
2,1,0.5822558,1
2,1,0.57072985,1
2,1,0.58345133,1
2,1,0.59129447,1
2,1,0.5828535,1
2,1,0.5990575,1
2,1,0.5862907,1
2,1,0.5876853,1
2,1,0.59753114,1
2,1,0.5756787,1
2,1,0.59165615,1
2,1,0.5715861,1
2,1,0.5813094,1
2,1,0.59739625,1
2,1,0.58066934,1
2,1,0.56538844,1
2,1,0.5759959,1
2,1,0.59439284,1
2,1,0.5944884,1
2,1,0.60068613,1
2,1,0.5800962,1
2,1,0.57887775,1
2,1,0.5871208,1
2,1,0.53079695,1
2,1,0.47745317,0
2,1,0.53548896,1
2,1,0.49596423,0
2,1,0.5145766,1
2,1,0.51650846,1
2,1,0.5090394,1
2,1,0.52134895,1
2,1,0.47404417,0
2,1,0.47210127,0
2,1,0.49166182,0
2,1,0.5013858,1
2,1,0.52028686,1
2,1,0.5013933,1
2,1,0.5523462,1
2,1,0.5594337,1
2,1,0.5692526,1
2,1,0.57613164,1
2,1,0.60577506,1
2,1,0.5741854,1
2,1,0.55461043,1
2,1,0.51102644,1
2,1,0.5433862,1
2,1,0.51792836,1
2,1,0.4658833,0
2,1,0.50398374,1
2,1,0.47718024,0
2,1,0.5120415,1
2,1,0.53614324,1
2,1,0.56140125,1
2,1,0.5696565,1
2,1,0.5388797,1
2,1,0.5396639,1
2,1,0.54890263,1
2,1,0.5670453,1
2,1,0.59837943,1
2,1,0.52379614,1
2,1,0.5345436,1
2,1,0.53483564,1
2,1,0.55673784,1
2,1,0.5158487,1
2,1,0.5406139,1
2,1,0.554455,1
2,1,0.5667383,1
2,1,0.5448034,1
2,1,0.53559685,1
2,1,0.5493829,1
2,1,0.53477687,1
2,1,0.55671567,1
2,1,0.5497685,1
2,1,0.54655325,1
2,1,0.5383541,1
2,1,0.543561,1
2,1,0.55080444,1
2,1,0.5568303,1
2,1,0.5564488,1
2,1,0.55263907,1
2,1,0.53522867,1
2,1,0.53783035,1
2,0,0.5611853,1
2,0,0.5528273,1
2,0,0.5742037,1
2,0,0.530065,1
2,0,0.59410286,1
2,0,0.55376214,1
2,0,0.514018,1
2,0,0.5201738,1
2,0,0.5359543,1
2,0,0.53105694,1
2,0,0.5281225,1
2,0,0.55081123,1
2,0,0.5419433,1
2,0,0.5158505,1
2,0,0.5219016,1
2,0,0.55664015,1
2,0,0.5415248,1
2,0,0.5362487,1
2,0,0.5525676,1
2,0,0.5329928,1
2,0,0.5157749,1
2,0,0.5723015,1
2,0,0.53640085,1
2,0,0.53587884,1
2,0,0.5193245,1
2,0,0.52565205,1
2,0,0.52377605,1
2,0,0.49871337,0
2,0,0.52257013,1
2,0,0.5225653,1
2,1,0.5103105,1
2,1,0.52850795,1
2,1,0.55628717,1
2,1,0.5493114,1
2,1,0.5140902,1
2,1,0.5474256,1
2,1,0.52769107,1
2,1,0.51205146,1
2,1,0.53716916,1
2,1,0.55024266,1
2,1,0.53109604,1
2,1,0.56344324,1
2,1,0.56155723,1
2,1,0.5543248,1
2,1,0.53153795,1
2,1,0.5375978,1
2,1,0.52981657,1
2,1,0.5178409,1
2,1,0.5129819,1
2,1,0.53808147,1
2,1,0.5389451,1
2,1,0.53191596,1
2,1,0.54905385,1
2,1,0.5297242,1
2,1,0.54069567,1
2,1,0.53343666,1
2,1,0.5718906,1
2,1,0.5772409,1
2,1,0.5440906,1
2,1,0.5435989,1
2,1,0.52766174,1
2,1,0.5294294,1
2,1,0.5149864,1
2,1,0.5249255,1
2,1,0.5516843,1
2,0,0.55132717,1
2,0,0.53824514,1
2,0,0.52536064,1
2,0,0.5297349,1
2,0,0.5235357,1
2,0,0.55477655,1
2,0,0.531312,1
2,0,0.56024057,1
2,0,0.53126657,1
2,0,0.58195424,1
2,0,0.54359865,1
2,0,0.53055584,1
2,0,0.5527349,1
2,0,0.5815164,1
2,0,0.5842272,1
2,0,0.5569665,1
2,0,0.5436865,1
2,0,0.5522059,1
2,0,0.56092864,1
2,0,0.5355429,1
2,0,0.5350164,1
2,0,0.5421576,1
2,1,0.54780096,1
2,1,0.56568843,1
2,1,0.5789974,1
2,1,0.5545287,1
2,1,0.539746,1
2,1,0.53808796,1
2,1,0.5527801,1
2,1,0.55835986,1
2,1,0.54200983,1
2,1,0.5423681,1
2,1,0.5536873,1
2,1,0.5573329,1
2,1,0.5230634,1
2,1,0.5370486,1
2,1,0.545777,1
2,1,0.543105,1
2,1,0.54208094,1
2,1,0.5443507,1
2,1,0.5696835,1
2,1,0.5477585,1
2,1,0.5364601,1
2,1,0.5635684,1
2,1,0.56962335,1
2,1,0.5720448,1
2,1,0.554986,1
2,1,0.5432914,1
2,1,0.5660822,1
2,1,0.52533954,1
2,1,0.5094434,1
2,1,0.5522443,1
2,0,0.5469795,1
2,0,0.5234562,1
2,0,0.5279108,1
2,0,0.5444948,1
2,0,0.5469514,1
2,0,0.52233493,1
2,0,0.52483475,1
2,0,0.5350233,1
2,0,0.5354741,1
2,0,0.51929986,1
2,0,0.5512929,1
2,0,0.54551655,1
2,0,0.5163208,1
2,0,0.55380785,1
2,0,0.556271,1
2,1,0.5508437,1
2,1,0.54756254,1
2,1,0.5917076,1
2,1,0.52197796,1
2,1,0.58977526,1
2,1,0.5209802,1
2,1,0.5584764,1
2,1,0.5075544,1
2,1,0.5366036,1
2,1,0.52488273,1
2,1,0.530252,1
2,1,0.5589952,1
2,1,0.49097595,0
2,1,0.5337238,1
2,1,0.50201565,1
2,1,0.51826036,1
2,1,0.5534997,1
2,1,0.50860023,1
2,1,0.51165324,1
2,1,0.5160389,1
2,1,0.4999581,0
2,1,0.5055917,1
2,1,0.501165,1
2,1,0.49417192,0
2,1,0.4905994,0
2,1,0.4794935,0
2,1,0.50052315,1
2,1,0.49455947,0
2,1,0.5241312,1
2,1,0.4870066,0
2,1,0.49861175,0
2,1,0.535571,1
2,1,0.5507122,1
2,1,0.5710701,1
2,1,0.5894372,1
2,1,0.5456126,1
2,1,0.5719871,1
2,1,0.54896677,1
2,1,0.5554261,1
2,1,0.5926215,1
2,1,0.54630417,1
2,1,0.55139,1
2,1,0.54898214,1
2,1,0.5824567,1
2,1,0.5749478,1
2,1,0.5553967,1
2,1,0.55679286,1
2,1,0.50753653,1
2,1,0.5222804,1
2,1,0.5570562,1
2,1,0.5210804,1
2,1,0.4879394,0
2,1,0.5158819,1
2,1,0.56926596,1
2,1,0.49859986,0
2,1,0.5063525,1
2,1,0.51241344,1
2,1,0.49498516,0
2,1,0.4739053,0
2,1,0.52120394,1
2,1,0.53294945,1
2,1,0.53151137,1
2,1,0.51467246,1
2,1,0.48787564,0
2,1,0.51868963,1
2,1,0.50569445,1
2,1,0.5751929,1
2,1,0.50173426,1
2,1,0.53655183,1
2,1,0.5270085,1
2,1,0.5103201,1
2,1,0.4994643,0
2,1,0.5119702,1
2,1,0.5082137,1
2,1,0.5479428,1
2,1,0.5299607,1
2,1,0.5541943,1
2,1,0.5315707,1
2,1,0.5603885,1
2,1,0.5625294,1
2,1,0.57990396,1
2,1,0.575267,1
2,1,0.51185256,1
2,1,0.5001677,1
2,1,0.50197935,1
2,1,0.5326853,1
2,1,0.51680356,1
2,1,0.5199179,1
2,1,0.53708094,1
2,1,0.53708315,1
2,1,0.5403462,1
2,1,0.54708034,1
2,1,0.53432083,1
2,1,0.54840285,1
2,1,0.5392559,1
2,1,0.52254045,1
2,1,0.55247957,1
2,1,0.5326192,1
2,1,0.5609854,1
2,1,0.53465456,1
2,1,0.5236055,1
2,1,0.51442564,1
2,1,0.50900316,1
2,1,0.5144841,1
2,1,0.5170652,1
2,1,0.519553,1
2,1,0.5418597,1
2,1,0.5413123,1
2,1,0.54480326,1
2,1,0.55425733,1
2,1,0.5540994,1
2,1,0.55163705,1
2,1,0.48196465,0
2,1,0.5221769,1
2,1,0.49733996,0
2,1,0.5899097,1
2,1,0.48681492,0
2,1,0.50303936,1
2,1,0.5258083,1
2,1,0.57019484,1
2,1,0.5551642,1
2,1,0.52384007,1
2,1,0.55986303,1
2,1,0.5522717,1
2,1,0.53657025,1
2,1,0.4970349,0
2,1,0.55162895,1
2,1,0.5360539,1
2,1,0.48296055,0
2,1,0.47326028,0
2,1,0.51894075,1
2,1,0.47700015,0
2,1,0.50358355,1
2,1,0.47708628,0
2,1,0.54346305,1
2,1,0.551089,1
2,1,0.56122977,1
2,1,0.54163796,1
2,1,0.5591893,1
2,1,0.5728274,1
2,1,0.5502132,1
2,1,0.56593776,1
2,1,0.56151927,1
2,1,0.55356544,1
2,1,0.5767161,1
2,1,0.55613196,1
2,1,0.58793116,1
2,1,0.5690035,1
2,1,0.55511427,1
2,1,0.60925764,1
2,1,0.5987296,1
2,1,0.58597326,1
2,1,0.5463453,1
2,1,0.5644198,1
2,1,0.56756204,1
2,1,0.5848763,1
2,1,0.5571731,1
2,1,0.54194367,1
2,1,0.57181865,1
2,1,0.58021975,1
2,1,0.59549296,1
2,1,0.55789137,1
2,1,0.57798386,1
2,1,0.5653121,1
2,1,0.55586016,1
2,1,0.56534344,1
2,1,0.5865361,1
2,1,0.5359196,1
2,1,0.56815743,1
2,1,0.5939392,1
2,1,0.59473073,1
2,1,0.5469282,1
2,1,0.55229056,1
2,1,0.56900054,1
2,1,0.55512446,1
2,1,0.54452354,1
2,1,0.5481278,1
2,1,0.51203287,1
2,1,0.51653445,1
2,1,0.54179686,1
2,1,0.5638961,1
2,1,0.5714459,1
2,1,0.5503666,1
2,1,0.5518534,1
2,1,0.565948,1
2,1,0.54246104,1
2,1,0.523325,1
2,1,0.5448957,1
2,1,0.5779967,1
2,1,0.53876936,1
2,1,0.51285857,1
2,1,0.5709582,1
2,1,0.562727,1
2,1,0.5247339,1
2,1,0.522873,1
2,1,0.5472536,1
2,1,0.52005184,1
2,1,0.5667097,1
2,1,0.5459149,1
2,1,0.57259035,1
2,1,0.56930864,1
2,1,0.5758204,1
2,1,0.6533462,1
2,1,0.5955678,1
2,1,0.564446,1
2,1,0.5718618,1
2,1,0.53542256,1
2,1,0.5474509,1
2,1,0.57981145,1
2,1,0.5782644,1
2,1,0.53532743,1
2,1,0.5134813,1
2,1,0.54944307,1
2,1,0.56468016,1
2,1,0.56536704,1
2,1,0.53598416,1
2,1,0.5617861,1
2,1,0.55636615,1
2,1,0.5772626,1
2,1,0.56966054,1
2,1,0.5476364,1
2,1,0.5759507,1
2,1,0.5099775,1
2,1,0.53392184,1
2,1,0.50476986,1
2,1,0.54448694,1
2,0,0.54090303,1
2,0,0.4938283,0
2,0,0.49395868,0
2,0,0.51935196,1
2,0,0.5379956,1
2,0,0.5057938,1
2,0,0.50931716,1
2,0,0.50580746,1
2,0,0.5145072,1
2,0,0.495272,0
2,0,0.51300186,1
2,0,0.47855932,0
2,0,0.47764662,0
2,0,0.48063606,0
2,0,0.4632164,0
2,1,0.56211644,1
2,1,0.56670654,1
2,1,0.58223814,1
2,1,0.567639,1
2,1,0.5978739,1
2,1,0.5792465,1
2,1,0.5556913,1
2,1,0.55146015,1
2,1,0.5705469,1
2,1,0.5678604,1
2,1,0.5598052,1
2,1,0.56608003,1
2,1,0.560374,1
2,1,0.5981811,1
2,1,0.57733387,1
2,1,0.59090334,1
2,1,0.5861703,1
2,1,0.6225702,1
2,1,0.5879273,1
2,1,0.5146076,1
2,1,0.5353326,1
2,1,0.5403403,1
2,1,0.52308226,1
2,1,0.559497,1
2,1,0.5583845,1
2,1,0.5402503,1
2,1,0.5552897,1
2,1,0.49687687,0
2,1,0.50476277,1
2,1,0.5397469,1
2,1,0.53658915,1
2,1,0.5141651,1
2,1,0.5471746,1
2,1,0.51853013,1
2,1,0.54357666,1
2,1,0.52711153,1
2,1,0.5126216,1
2,1,0.49429053,0
2,1,0.5201898,1
2,1,0.50574553,1
2,1,0.4875783,0
2,1,0.50093323,1
2,1,0.48257357,0
2,1,0.45899397,0
2,1,0.4885669,0
2,1,0.49643987,0
2,1,0.5090945,1
2,1,0.50299186,1
2,1,0.48407978,0
2,1,0.51008296,1
2,1,0.48473236,0
2,1,0.46502408,0
2,1,0.4661398,0
2,1,0.4812478,0
2,1,0.466108,0
2,1,0.48733062,0
2,1,0.50414795,1
2,1,0.5292461,1
2,1,0.5274518,1
2,1,0.5306577,1
2,1,0.51658404,1
2,1,0.5162457,1
2,1,0.51891863,1
2,1,0.5348182,1
2,1,0.5234281,1
2,1,0.52558714,1
2,1,0.5047251,1
2,1,0.52908164,1
2,1,0.5346002,1
2,1,0.551625,1
2,1,0.53236735,1
2,1,0.52411133,1
2,1,0.4789395,0
2,1,0.52532655,1
2,1,0.48334256,0
2,1,0.50511205,1
2,1,0.5151368,1
2,1,0.5132843,1
2,1,0.5172543,1
2,1,0.5044613,1
2,1,0.52457595,1
2,1,0.49293315,0
2,1,0.52435756,1
2,1,0.49149063,0
2,1,0.49340278,0
2,1,0.4892741,0
2,1,0.48170885,0
2,1,0.58607256,1
2,1,0.6255279,1
2,1,0.5942928,1
2,1,0.575401,1
2,1,0.58962196,1
2,1,0.60120606,1
2,1,0.5519787,1
2,1,0.5717847,1
2,1,0.57068306,1
2,1,0.556407,1
2,1,0.5687211,1
2,1,0.5503334,1
2,1,0.56201667,1
2,1,0.5895131,1
2,1,0.5436066,1
2,1,0.56507134,1
2,1,0.5653912,1
2,1,0.56043416,1
2,0,0.5566826,1
2,0,0.53319657,1
2,0,0.5449641,1
2,0,0.5497311,1
2,0,0.5367415,1
2,0,0.5478835,1
2,0,0.5280139,1
2,0,0.5408028,1
2,0,0.5532511,1
2,0,0.5221149,1
2,0,0.51748854,1
2,0,0.50334847,1
2,0,0.51124513,1
2,0,0.5077463,1
2,0,0.53993607,1
2,0,0.5675047,1
2,0,0.63323945,1
2,0,0.6062434,1
2,0,0.5840883,1
2,0,0.52906686,1
2,0,0.6066252,1
2,0,0.587298,1
2,0,0.57590777,1
2,0,0.59904414,1
2,0,0.586473,1
2,0,0.55233663,1
2,0,0.5552034,1
2,0,0.59021443,1
2,0,0.5813538,1
2,0,0.58743674,1
2,1,0.587463,1
2,1,0.5649947,1
2,1,0.5200427,1
2,1,0.5517352,1
2,1,0.52591884,1
2,1,0.55716306,1
2,1,0.56684035,1
2,1,0.49292564,0
2,1,0.5194765,1
2,1,0.57055485,1
2,1,0.56704116,1
2,1,0.57828045,1
2,1,0.5733583,1
2,1,0.5636435,1
2,1,0.546916,1
2,1,0.48490044,0
2,1,0.51548517,1
2,1,0.4846752,0
2,1,0.51222163,1
2,1,0.545648,1
2,1,0.5096496,1
2,1,0.60157764,1
2,1,0.5542806,1
2,1,0.5690858,1
2,1,0.5094649,1
2,1,0.55369735,1
2,1,0.51573306,1
2,1,0.5365881,1
2,1,0.53970486,1
2,1,0.5424906,1
2,1,0.54724497,1
2,1,0.5618122,1
2,1,0.5694183,1
2,1,0.55048674,1
2,1,0.53516024,1
2,1,0.5398893,1
2,1,0.5536669,1
2,1,0.5460451,1
2,1,0.5681618,1
2,1,0.5264965,1
2,1,0.55245423,1
2,1,0.5519004,1
2,1,0.54591584,1
2,1,0.55398434,1
2,1,0.56572235,1
2,1,0.54787445,1
3,1,0.6338316,1
3,1,0.63455683,1
3,1,0.6442602,1
3,1,0.62158215,1
3,1,0.6087474,1
3,1,0.6131992,1
3,1,0.6199831,1
3,1,0.6360856,1
3,1,0.6370399,1
3,1,0.6269781,1
3,1,0.62761986,1
3,1,0.6415901,1
3,1,0.6261158,1
3,1,0.62426025,1
3,1,0.61919713,1
3,1,0.6290782,1
3,1,0.52171993,1
3,1,0.558716,1
3,1,0.47763225,0
3,1,0.53596973,1
3,1,0.53951627,1
3,1,0.5031181,1
3,1,0.51239955,1
3,1,0.5095126,1
3,1,0.48213398,0
3,1,0.50584537,1
3,1,0.50810206,1
3,1,0.5323136,1
3,1,0.5242786,1
3,1,0.5272916,1
3,1,0.51654613,1
3,1,0.47982293,0
3,1,0.5013382,1
3,1,0.5346908,1
3,1,0.5121287,1
3,1,0.503012,1
3,1,0.5564655,1
3,1,0.5111933,1
3,1,0.5449606,1
3,1,0.5140686,1
3,1,0.5374533,1
3,1,0.5604633,1
3,1,0.55620116,1
3,1,0.52205265,1
3,1,0.58096915,1
3,1,0.59509337,1
3,0,0.6191334,1
3,0,0.6089004,1
3,0,0.6237563,1
3,0,0.619818,1
3,0,0.63990575,1
3,0,0.6138888,1
3,0,0.6262406,1
3,0,0.62520283,1
3,0,0.60876566,1
3,0,0.5555141,1
3,0,0.6209771,1
3,0,0.62096345,1
3,0,0.5877893,1
3,0,0.5833195,1
3,0,0.60893357,1
3,0,0.5832331,1
3,0,0.58020157,1
3,0,0.6244693,1
3,0,0.6212175,1
3,0,0.60855067,1
3,0,0.6355478,1
3,0,0.62917304,1
3,0,0.6353031,1
3,0,0.6532746,1
3,0,0.6701256,1
3,0,0.64378256,1
3,0,0.6582962,1
3,0,0.64360416,1
3,0,0.6271167,1
3,0,0.6394198,1
3,0,0.63067544,1
3,0,0.6177786,1
3,0,0.61931217,1
3,1,0.61325836,1
3,1,0.61666965,1
3,1,0.62748563,1
3,1,0.630102,1
3,1,0.65180117,1
3,1,0.6363801,1
3,1,0.60292166,1
3,1,0.5970021,1
3,1,0.6009457,1
3,1,0.61137605,1
3,1,0.6228394,1
3,1,0.63800836,1
3,1,0.6451365,1
3,1,0.63277954,1
3,1,0.6278431,1
3,1,0.6078693,1
3,1,0.62144667,1
3,1,0.63628674,1
3,1,0.6345912,1
3,1,0.6336492,1
3,1,0.64803404,1
3,1,0.63085335,1
3,1,0.64386576,1
3,1,0.6142055,1
3,1,0.6205189,1
3,1,0.6190223,1
3,1,0.6395074,1
3,1,0.6384088,1
3,1,0.6538118,1
3,1,0.6405715,1
3,1,0.63888496,1
3,1,0.6423081,1
3,1,0.6444809,1
3,1,0.6366741,1
3,1,0.62555385,1
3,1,0.6282054,1
3,1,0.64679897,1
3,1,0.6629001,1
3,1,0.6213261,1
3,1,0.6282426,1
3,1,0.607059,1
3,1,0.6405337,1
3,1,0.68126225,1
3,1,0.71004105,1
3,1,0.7032426,1
3,1,0.68723184,1
3,1,0.60886294,1
3,1,0.597559,1
3,1,0.55021155,1
3,1,0.6083813,1
3,1,0.62437844,1
3,1,0.6445343,1
3,1,0.6578542,1
3,1,0.62141585,1
3,1,0.6352592,1
3,1,0.62481374,1
3,1,0.64027023,1
3,1,0.626227,1
3,1,0.62932706,1
3,1,0.60616106,1
3,1,0.644509,1
3,1,0.60159415,1
3,1,0.64992815,1
3,1,0.6302616,1
3,1,0.61941314,1
3,1,0.6269064,1
3,1,0.63150835,1
3,1,0.63521755,1
3,1,0.6247161,1
3,1,0.64990044,1
3,1,0.6655294,1
3,1,0.6368361,1
3,1,0.6367325,1
3,1,0.65140927,1
3,1,0.646305,1
3,1,0.64515245,1
3,1,0.6408757,1
3,1,0.63464105,1
3,1,0.6330628,1
3,1,0.6345533,1
3,1,0.6426234,1
3,1,0.64652115,1
3,1,0.64275783,1
3,0,0.6481775,1
3,0,0.655065,1
3,0,0.6507004,1
3,0,0.6510404,1
3,0,0.6591678,1
3,0,0.6239388,1
3,0,0.6351445,1
3,0,0.6334808,1
3,0,0.64303863,1
3,0,0.6341098,1
3,0,0.66285723,1
3,0,0.6277182,1
3,0,0.6257721,1
3,1,0.65448093,1
3,1,0.6481415,1
3,1,0.6690822,1
3,1,0.6396221,1
3,1,0.6350224,1
3,1,0.6367172,1
3,1,0.6611172,1
3,1,0.6538808,1
3,1,0.67160684,1
3,1,0.65780824,1
3,1,0.6376803,1
3,1,0.63588065,1
3,1,0.5818375,1
3,1,0.6099088,1
3,1,0.59810036,1
3,1,0.5999166,1
3,1,0.60733724,1
3,1,0.6288851,1
3,1,0.63101065,1
3,1,0.6649944,1
3,1,0.6222406,1
3,1,0.59640944,1
3,1,0.63611937,1
3,1,0.61058074,1
3,1,0.6450927,1
3,1,0.6165057,1
3,1,0.64824355,1
3,1,0.6241503,1
3,1,0.643507,1
3,1,0.6286561,1
3,1,0.634476,1
3,1,0.5990936,1
3,1,0.60734636,1
3,1,0.5928683,1
3,1,0.62186164,1
3,1,0.61879385,1
3,1,0.6277381,1
3,1,0.6031944,1
3,1,0.5788284,1
3,1,0.52605504,1
3,1,0.5809814,1
3,1,0.56106746,1
3,1,0.5977678,1
3,1,0.570602,1
3,1,0.6134416,1
3,1,0.5913269,1
3,1,0.6199878,1
3,1,0.58709055,1
3,1,0.6117314,1
3,1,0.62448555,1
3,1,0.62360936,1
3,1,0.65532047,1
3,1,0.62780535,1
3,1,0.6158968,1
3,1,0.6116353,1
3,1,0.5923751,1
3,1,0.61381733,1
3,1,0.6276679,1
3,1,0.63404006,1
3,1,0.6314074,1
3,1,0.5769063,1
3,1,0.6164681,1
3,0,0.5960233,1
3,0,0.5649412,1
3,0,0.5183353,1
3,0,0.5429173,1
3,0,0.5317195,1
3,0,0.5646601,1
3,0,0.50494015,1
3,0,0.5405344,1
3,0,0.59821945,1
3,0,0.5715258,1
3,0,0.58413124,1
3,0,0.5700282,1
3,0,0.6200366,1
3,0,0.5822609,1
3,0,0.56426007,1
3,1,0.53340447,1
3,1,0.64785683,1
3,1,0.59138614,1
3,1,0.59434265,1
3,1,0.57063156,1
3,1,0.5821073,1
3,1,0.5856613,1
3,1,0.5371595,1
3,1,0.61037505,1
3,1,0.6018349,1
3,1,0.56129473,1
3,1,0.5875764,1
3,1,0.5971955,1
3,1,0.641201,1
3,1,0.6392972,1
3,1,0.6304592,1
3,1,0.65309536,1
3,1,0.6319073,1
3,1,0.633795,1
3,1,0.6384233,1
3,1,0.6356081,1
3,1,0.6503812,1
3,1,0.6461734,1
3,1,0.63537514,1
3,1,0.6423191,1
3,1,0.63118374,1
3,1,0.64907837,1
3,1,0.65665174,1
3,1,0.6519571,1
3,1,0.65395075,1
3,1,0.6356002,1
3,1,0.6342571,1
3,1,0.62504715,1
3,0,0.5935147,1
3,0,0.61302024,1
3,0,0.6191101,1
3,0,0.61978436,1
3,0,0.62696034,1
3,0,0.601151,1
3,0,0.61366034,1
3,0,0.60374594,1
3,0,0.63423955,1
3,0,0.61200047,1
3,0,0.61987764,1
3,0,0.6123665,1
3,0,0.59974176,1
3,0,0.59916085,1
3,0,0.60851365,1
3,0,0.5952172,1
3,0,0.601112,1
3,0,0.5928199,1
3,0,0.58806705,1
3,0,0.5772222,1
3,0,0.5909055,1
3,0,0.59328294,1
3,0,0.59533083,1
3,0,0.58289826,1
3,0,0.58528364,1
3,0,0.5899115,1
3,0,0.58927906,1
3,0,0.6087684,1
3,0,0.58430445,1
3,0,0.60469234,1
3,0,0.6213722,1
3,0,0.6253767,1
3,0,0.6198379,1
3,0,0.6125111,1
3,0,0.6157877,1
3,0,0.6097833,1
3,0,0.62031585,1
3,0,0.6149046,1
3,0,0.59888154,1
3,0,0.6166517,1
3,0,0.58666253,1
3,0,0.6185146,1
3,0,0.6089011,1
3,0,0.5910536,1
3,0,0.57531863,1
3,0,0.6088715,1
3,0,0.5824215,1
3,0,0.5904333,1
3,0,0.56025237,1
3,0,0.5937906,1
3,0,0.5807363,1
3,0,0.5777004,1
3,0,0.57586557,1
3,0,0.59604645,1
3,0,0.58813334,1
3,0,0.5871038,1
3,0,0.5881176,1
3,0,0.61472106,1
3,0,0.57427514,1
3,0,0.5955366,1
3,0,0.58722323,1
3,0,0.5794675,1
3,0,0.5968491,1
3,0,0.61007756,1
3,0,0.5804384,1
3,0,0.6211337,1
3,0,0.61743885,1
3,0,0.6243273,1
3,0,0.58448523,1
3,0,0.61608344,1
3,0,0.62617326,1
3,0,0.6284831,1
3,0,0.6202315,1
3,0,0.6437498,1
3,0,0.64883727,1
3,0,0.6455223,1
3,0,0.65118486,1
3,0,0.64611846,1
3,0,0.6306496,1
3,0,0.63492405,1
3,0,0.63943946,1
3,0,0.61018556,1
3,0,0.61552006,1
3,0,0.618907,1
3,0,0.616167,1
3,0,0.61136466,1
3,0,0.60513806,1
3,0,0.5919212,1
3,0,0.6192123,1
3,0,0.60970515,1
3,0,0.6074769,1
3,0,0.626447,1
3,0,0.6010294,1
3,0,0.6167645,1
3,0,0.59679765,1
3,0,0.6269575,1
3,0,0.60977966,1
3,0,0.60975784,1
3,0,0.6006265,1
3,0,0.60152364,1
3,0,0.6339532,1
3,0,0.6199778,1
3,0,0.6174166,1
3,0,0.6208202,1
3,0,0.61180604,1
3,0,0.6266745,1
3,0,0.619484,1
3,1,0.6219123,1
3,1,0.6300829,1
3,1,0.6281312,1
3,1,0.62960637,1
3,1,0.60365814,1
3,1,0.6223534,1
3,1,0.62685007,1
3,1,0.64503926,1
3,1,0.63744104,1
3,1,0.6135534,1
3,0,0.6276841,1
3,0,0.6065544,1
3,0,0.612498,1
3,0,0.59084904,1
3,0,0.6022967,1
3,0,0.62921906,1
3,0,0.6084735,1
3,0,0.61345774,1
3,0,0.61288154,1
3,0,0.5805547,1
3,0,0.60276175,1
3,0,0.62307507,1
3,0,0.6285741,1
3,0,0.6280248,1
3,0,0.6282183,1
3,0,0.6405998,1
3,0,0.6360298,1
3,0,0.5961459,1
3,0,0.5995672,1
3,0,0.59519845,1
3,0,0.6081348,1
3,0,0.59188396,1
3,0,0.6203396,1
3,0,0.6173268,1
3,0,0.61021894,1
3,0,0.6005066,1
3,0,0.59944123,1
3,0,0.5830224,1
3,0,0.5983254,1
3,0,0.5723568,1
3,0,0.5944136,1
3,0,0.5870327,1
3,0,0.59897685,1
3,0,0.6099272,1
3,0,0.61021894,1
3,0,0.5862255,1
3,0,0.57342243,1
3,0,0.6027607,1
3,0,0.6143733,1
3,0,0.6034971,1
3,0,0.5913627,1
3,0,0.59837335,1
3,0,0.60951364,1
3,0,0.61875284,1
3,0,0.58688796,1
3,0,0.5538343,1
3,0,0.5734681,1
3,0,0.5737504,1
3,0,0.5835518,1
3,0,0.58748263,1
3,0,0.5672347,1
3,0,0.59372354,1
3,0,0.58323276,1
3,0,0.58921444,1
3,0,0.60715896,1
3,0,0.59609115,1
3,0,0.59857446,1
3,0,0.5894669,1
3,0,0.59066045,1
3,0,0.5974454,1
3,0,0.6071071,1
3,0,0.5733222,1
3,0,0.59863675,1
3,0,0.6056821,1
3,0,0.616619,1
3,0,0.60221404,1
3,0,0.62203395,1
3,0,0.60442144,1
3,0,0.60241336,1
3,0,0.6128918,1
3,0,0.6038194,1
3,0,0.5952108,1
3,0,0.6069231,1
3,0,0.603802,1
3,0,0.60458434,1
3,0,0.59774715,1
3,0,0.5700221,1
3,0,0.6052072,1
3,0,0.6107935,1
3,0,0.5870508,1
3,1,0.5958044,1
3,1,0.60309714,1
3,1,0.6029488,1
3,1,0.60934657,1
3,1,0.6241716,1
3,1,0.60638887,1
3,1,0.61912835,1
3,1,0.6277401,1
3,1,0.61152923,1
3,1,0.6193117,1
3,1,0.6179233,1
3,1,0.6244144,1
3,1,0.6141456,1
3,1,0.6115072,1
3,1,0.6083209,1
3,1,0.61928093,1
3,1,0.6055581,1
3,1,0.60975516,1
3,1,0.6090341,1
3,1,0.62291974,1
3,0,0.6221369,1
3,0,0.6417068,1
3,0,0.60008085,1
3,0,0.61875916,1
3,0,0.58756155,1
3,0,0.5836172,1
3,0,0.5928109,1
3,0,0.58361965,1
3,0,0.58287084,1
3,0,0.5762936,1
3,0,0.56126493,1
3,0,0.54526913,1
3,0,0.5797634,1
3,0,0.55650324,1
3,0,0.59697807,1
3,0,0.58909076,1
3,0,0.59595335,1
3,0,0.59042597,1
3,0,0.59902847,1
3,0,0.597367,1
3,0,0.6230055,1
3,0,0.5815846,1
3,0,0.6078956,1
3,0,0.56986904,1
3,0,0.5408799,1
3,0,0.56931823,1
3,0,0.5850363,1
3,0,0.58385223,1
3,0,0.6009393,1
3,0,0.6042168,1
3,0,0.612836,1
3,0,0.609417,1
3,0,0.6049854,1
3,0,0.61210483,1
3,0,0.6245689,1
3,0,0.64232814,1
3,0,0.63195604,1
3,0,0.6065888,1
3,0,0.6139818,1
3,0,0.6005439,1
3,0,0.6146736,1
3,0,0.5969819,1
3,0,0.62016195,1
3,0,0.57733405,1
3,0,0.58402467,1
3,0,0.59443843,1
3,0,0.59928846,1
3,0,0.59648556,1
3,0,0.60193855,1
3,0,0.61159843,1
3,0,0.5937573,1
3,0,0.5889778,1
3,0,0.61258036,1
3,0,0.5959807,1
3,0,0.6208369,1
3,0,0.63558877,1
3,0,0.6060636,1
3,0,0.6169896,1
3,0,0.6136534,1
3,0,0.638331,1
3,0,0.6554149,1
3,0,0.62648416,1
3,0,0.61839586,1
3,0,0.59541774,1
3,0,0.5774316,1
3,0,0.5881582,1
3,0,0.60185844,1
3,0,0.63233393,1
3,0,0.59754324,1
3,0,0.6100002,1
3,1,0.6039511,1
3,1,0.6111736,1
3,1,0.59589696,1
3,1,0.5956101,1
3,1,0.59135795,1
3,1,0.5838877,1
3,1,0.5907344,1
3,1,0.6132614,1
3,1,0.59770894,1
3,1,0.6071009,1
3,1,0.61034113,1
3,1,0.6211364,1
3,1,0.6192529,1
3,1,0.6048399,1
3,1,0.6056092,1
3,1,0.621031,1
3,1,0.6220803,1
3,1,0.6280715,1
3,1,0.60651916,1
3,1,0.64209133,1
3,0,0.6428379,1
3,0,0.6312026,1
3,0,0.6332121,1
3,0,0.6303657,1
3,0,0.61524653,1
3,0,0.63106734,1
3,0,0.62237,1
3,0,0.629242,1
3,0,0.62863874,1
3,0,0.6017305,1
3,0,0.610149,1
3,0,0.5992464,1
3,0,0.6221067,1
3,0,0.59984344,1
3,0,0.6082118,1
3,0,0.6089496,1
3,1,0.6109928,1
3,1,0.63315856,1
3,1,0.6238119,1
3,1,0.620976,1
3,1,0.623176,1
3,1,0.6026345,1
3,1,0.62422055,1
3,1,0.61902696,1
3,1,0.6022697,1
3,1,0.62782377,1
3,1,0.6296422,1
3,1,0.61016655,1
3,1,0.61322653,1
3,1,0.6061609,1
3,1,0.54741013,1
3,1,0.5366702,1
3,1,0.54218537,1
3,1,0.53127205,1
3,1,0.51242363,1
3,1,0.5187734,1
3,1,0.5507148,1
3,1,0.5813138,1
3,1,0.60787094,1
3,1,0.52288747,1
3,1,0.58374393,1
3,1,0.51603186,1
3,1,0.5719953,1
3,1,0.52897227,1
3,1,0.5630884,1
3,1,0.5514113,1
3,1,0.6273127,1
3,1,0.6349339,1
3,1,0.6078343,1
3,1,0.57545686,1
3,1,0.62111247,1
3,1,0.61414987,1
3,1,0.5691048,1
3,1,0.603599,1
3,1,0.6331574,1
3,1,0.6070605,1
3,1,0.6053608,1
3,1,0.622271,1
3,1,0.66415924,1
3,1,0.63312626,1
3,1,0.6350221,1
3,1,0.5244546,1
3,1,0.557502,1
3,1,0.47882578,0
3,1,0.5385349,1
3,1,0.5425592,1
3,1,0.4997739,0
3,1,0.5111244,1
3,1,0.5198046,1
3,1,0.48496237,0
3,1,0.5041736,1
3,1,0.5136126,1
3,1,0.5310827,1
3,1,0.5232854,1
3,1,0.5283492,1
3,1,0.5159425,1
3,1,0.47845134,0
3,1,0.50604266,1
3,1,0.5358971,1
3,1,0.51078683,1
3,1,0.50564516,1
3,1,0.5678346,1
3,1,0.51160955,1
3,1,0.5517959,1
3,1,0.51508445,1
3,1,0.54179585,1
3,1,0.5622068,1
3,1,0.5618656,1
3,1,0.5181815,1
3,1,0.57868665,1
3,1,0.59393007,1
3,1,0.64196694,1
3,1,0.6205534,1
3,1,0.64633596,1
3,1,0.62764937,1
3,1,0.622576,1
3,1,0.64578575,1
3,1,0.6322597,1
3,1,0.59862316,1
3,1,0.67137194,1
3,1,0.66160727,1
3,1,0.62298584,1
3,1,0.616602,1
3,1,0.6524898,1
3,1,0.66886973,1
3,1,0.6025641,1
3,1,0.63903,1
3,1,0.66628665,1
3,1,0.6328517,1
3,1,0.6301069,1
3,1,0.641714,1
3,1,0.6204743,1
3,1,0.6268017,1
3,1,0.63353485,1
3,1,0.6357686,1
3,1,0.6311324,1
3,1,0.62982714,1
3,1,0.6094847,1
3,1,0.6293853,1
3,1,0.5788585,1
3,1,0.591517,1
3,1,0.6125503,1
3,1,0.6338251,1
3,1,0.59037596,1
3,0,0.5179903,1
3,0,0.5924572,1
3,0,0.58603996,1
3,0,0.5683602,1
3,0,0.5560991,1
3,0,0.6010234,1
3,0,0.57724065,1
3,0,0.57866406,1
3,0,0.56406784,1
3,0,0.57977164,1
3,0,0.59255075,1
3,0,0.5786604,1
3,0,0.6118379,1
3,0,0.60237056,1
3,0,0.6161624,1
3,0,0.6080196,1
3,0,0.6205272,1
3,0,0.6324931,1
3,0,0.61702985,1
3,0,0.5925273,1
3,1,0.63164794,1
3,1,0.63661283,1
3,1,0.6340299,1
3,1,0.64470404,1
3,1,0.6417064,1
3,1,0.65023375,1
3,1,0.6398241,1
3,1,0.6245356,1
3,1,0.62602234,1
3,1,0.6549788,1
3,1,0.6334978,1
3,1,0.6055211,1
3,1,0.6266545,1
3,1,0.5829119,1
3,1,0.6207299,1
3,1,0.58581364,1
3,1,0.60585946,1
3,1,0.56761205,1
3,1,0.62159854,1
3,1,0.5890353,1
3,1,0.6119512,1
3,1,0.5991816,1
3,1,0.60498,1
3,1,0.6160269,1
3,1,0.6124987,1
3,0,0.61856675,1
3,0,0.6252276,1
3,0,0.607132,1
3,0,0.60205597,1
3,0,0.6023598,1
3,0,0.6358558,1
3,0,0.6305406,1
3,0,0.60724896,1
3,0,0.62154865,1
3,0,0.6378368,1
3,0,0.60540247,1
3,0,0.6384842,1
3,0,0.6025253,1
3,0,0.62287736,1
3,0,0.6064393,1
3,0,0.61193603,1
3,0,0.603822,1
3,0,0.6245678,1
3,0,0.6279571,1
3,0,0.58213294,1
3,0,0.63994104,1
3,0,0.57895184,1
3,0,0.5946158,1
3,0,0.5767011,1
3,0,0.5718456,1
3,0,0.5771297,1
3,0,0.5794719,1
3,0,0.6155521,1
3,0,0.60967773,1
3,0,0.58629787,1
3,0,0.6304052,1
3,0,0.6087997,1
3,0,0.6255748,1
3,0,0.5841579,1
3,0,0.5940785,1
3,0,0.520818,1
3,0,0.5734309,1
3,0,0.5552294,1
3,0,0.5837799,1
3,0,0.5804099,1
3,0,0.5866317,1
3,0,0.6019911,1
3,0,0.6092065,1
3,0,0.5680741,1
3,0,0.60110337,1
3,0,0.5652632,1
3,0,0.6202106,1
3,0,0.5722291,1
3,0,0.62394184,1
3,0,0.60587543,1
3,0,0.62451816,1
3,0,0.63324213,1
3,0,0.6452652,1
3,0,0.6626153,1
3,0,0.6418148,1
3,0,0.5976986,1
3,0,0.63511807,1
3,0,0.5862981,1
3,0,0.6038152,1
3,0,0.5856224,1
3,0,0.62362444,1
3,0,0.5875115,1
3,0,0.5990624,1
3,0,0.5755343,1
3,0,0.61303455,1
3,0,0.5657751,1
3,0,0.60872704,1
3,0,0.5557712,1
3,0,0.6359037,1
3,0,0.5855069,1
3,0,0.5900111,1
3,0,0.57164747,1
3,0,0.6140411,1
3,0,0.6083885,1
3,0,0.60959435,1
3,0,0.5883048,1
3,0,0.57145566,1
3,0,0.6016956,1
3,0,0.5867604,1
3,0,0.61845744,1
3,0,0.59866774,1
3,0,0.62903136,1
3,0,0.61706287,1
3,0,0.62323636,1
3,0,0.6416492,1
3,0,0.65426886,1
3,0,0.64431036,1
3,0,0.63059956,1
3,0,0.64491093,1
3,0,0.63827515,1
3,0,0.63633084,1
3,0,0.6275567,1
3,0,0.66774905,1
3,0,0.6337497,1
3,0,0.64726114,1
3,0,0.6440575,1
3,0,0.6450532,1
3,0,0.6313053,1
3,0,0.6329008,1
3,0,0.6525376,1
3,0,0.63361377,1
3,0,0.64794946,1
3,0,0.61963093,1
3,0,0.63103414,1
3,0,0.6110847,1
3,0,0.64116913,1
3,0,0.62315786,1
3,0,0.62673086,1
3,0,0.61982286,1
3,0,0.6186792,1
3,0,0.5961384,1
3,0,0.58775645,1
3,0,0.5343125,1
3,0,0.5863024,1
3,0,0.5504549,1
3,0,0.60322595,1
3,0,0.6095997,1
3,0,0.64048046,1
3,0,0.61649764,1
3,0,0.5886988,1
3,0,0.57374644,1
3,0,0.62276644,1
3,0,0.5582272,1
3,0,0.59197897,1
3,0,0.5516411,1
3,0,0.55070806,1
3,0,0.5600747,1
3,0,0.5725835,1
3,0,0.59004307,1
3,0,0.5949374,1
3,0,0.6011021,1
3,0,0.56382596,1
3,0,0.6101475,1
3,0,0.561694,1
3,0,0.5975386,1
3,0,0.5695658,1
3,0,0.6272937,1
3,0,0.5717067,1
3,0,0.6018645,1
3,0,0.5733369,1
3,0,0.6250369,1
3,0,0.61134565,1
3,0,0.6189733,1
3,0,0.60335916,1
3,0,0.6211719,1
3,1,0.6160405,1
3,1,0.6164067,1
3,1,0.60859233,1
3,1,0.625074,1
3,1,0.6149317,1
3,1,0.6277782,1
3,1,0.62210774,1
3,1,0.6289923,1
3,1,0.6184582,1
3,1,0.6168434,1
3,0,0.6400588,1
3,0,0.5783959,1
3,0,0.62321645,1
3,0,0.60189605,1
3,0,0.640481,1
3,0,0.60463876,1
3,0,0.63154364,1
3,0,0.5224303,1
3,0,0.59734416,1
3,0,0.58694184,1
3,0,0.61160785,1
3,0,0.55429345,1
3,0,0.60029656,1
3,0,0.611812,1
3,0,0.6267261,1
3,0,0.5730829,1
3,0,0.62313503,1
3,0,0.55023676,1
3,0,0.59980375,1
3,0,0.51074094,1
3,0,0.5803131,1
3,0,0.5446319,1
3,0,0.5654577,1
3,0,0.50576115,1
3,0,0.57889247,1
3,0,0.54166347,1
3,0,0.5869169,1
3,0,0.54300284,1
3,0,0.583485,1
3,0,0.54851186,1
3,0,0.57487714,1
3,0,0.5694646,1
3,0,0.5748888,1
3,0,0.5716411,1
3,0,0.57406497,1
3,0,0.57807404,1
3,0,0.62765956,1
3,0,0.6376382,1
3,0,0.6494677,1
3,0,0.65309966,1
3,0,0.6578606,1
3,0,0.639397,1
3,0,0.6123193,1
3,0,0.62495875,1
3,0,0.6440786,1
3,1,0.63987267,1
3,1,0.6139772,1
3,1,0.6450999,1
3,1,0.63625276,1
3,1,0.6722499,1
3,0,0.62164557,1
3,0,0.63518703,1
3,0,0.6125772,1
3,0,0.6519045,1
3,0,0.64608294,1
3,0,0.67042464,1
3,0,0.66680455,1
3,0,0.65345085,1
3,0,0.64322263,1
3,0,0.6407863,1
3,0,0.6578245,1
3,0,0.645573,1
3,0,0.6316425,1
3,0,0.5827263,1
3,0,0.55741924,1
3,0,0.5879124,1
3,0,0.55958223,1
3,0,0.58215696,1
3,0,0.54975545,1
3,0,0.5582072,1
3,0,0.54567325,1
3,0,0.625038,1
3,0,0.5856879,1
3,0,0.6017111,1
3,0,0.545726,1
3,0,0.5902271,1
3,0,0.5511082,1
3,1,0.57399565,1
3,1,0.5959688,1
3,1,0.5938236,1
3,1,0.63014734,1
3,1,0.6135001,1
3,1,0.63126,1
3,1,0.61557597,1
3,1,0.62507206,1
3,1,0.6475078,1
3,1,0.63441104,1
3,1,0.62440455,1
3,1,0.6097528,1
3,1,0.5866571,1
3,1,0.5953878,1
3,1,0.5892411,1
3,1,0.5760144,1
3,1,0.6021083,1
3,1,0.52800906,1
3,1,0.59064794,1
3,1,0.58834594,1
3,1,0.64144415,1
3,1,0.5822019,1
3,1,0.4906021,0
3,1,0.6209063,1
3,1,0.62498087,1
3,1,0.57918847,1
3,1,0.58166003,1
3,1,0.6294344,1
3,0,0.61794496,1
3,0,0.63269633,1
3,0,0.6201146,1
3,0,0.6274259,1
3,0,0.60482645,1
3,0,0.61145425,1
3,0,0.6126148,1
3,0,0.5737848,1
3,0,0.56682795,1
3,0,0.5841407,1
3,0,0.53640175,1
3,0,0.5717436,1
3,0,0.61746675,1
3,0,0.60060227,1
3,0,0.62910867,1
3,0,0.62401,1
3,0,0.6313632,1
3,0,0.62428486,1
3,0,0.60761565,1
3,0,0.61815774,1
3,0,0.6280296,1
3,0,0.6149235,1
3,0,0.60065156,1
3,0,0.58661395,1
3,0,0.603507,1
3,0,0.6167782,1
3,0,0.646967,1
3,1,0.5520938,1
3,1,0.53519446,1
3,1,0.57846653,1
3,1,0.55287856,1
3,1,0.55113375,1
3,1,0.56438965,1
3,1,0.6080698,1
3,1,0.61005574,1
3,1,0.6124182,1
3,1,0.646725,1
3,1,0.61733776,1
3,1,0.5958363,1
3,1,0.57039154,1
3,1,0.6096475,1
3,1,0.6021205,1
3,1,0.58268857,1
3,1,0.5939363,1
3,1,0.6144241,1
3,1,0.5856347,1
3,1,0.57964176,1
3,1,0.57532036,1
3,1,0.5651467,1
3,1,0.5735489,1
3,1,0.5413471,1
3,1,0.58203167,1
3,1,0.5415956,1
3,1,0.58699703,1
3,1,0.58047664,1
3,1,0.59764093,1
3,1,0.5400775,1
3,1,0.6090187,1
3,1,0.5878194,1
3,1,0.5863177,1
3,1,0.595622,1
3,1,0.63359535,1
3,1,0.6420654,1
3,1,0.6441799,1
3,1,0.6725344,1
3,1,0.60961854,1
3,1,0.6133016,1
3,1,0.6494475,1
3,1,0.64840287,1
3,1,0.6360084,1
3,1,0.62476695,1
3,1,0.6223642,1
3,1,0.65736413,1
3,1,0.6214786,1
3,1,0.6244647,1
3,1,0.6166536,1
3,1,0.6382955,1
3,1,0.6379509,1
3,1,0.6357503,1
3,1,0.6277527,1
3,1,0.62186843,1
3,1,0.61215657,1
3,1,0.62703353,1
3,1,0.6012365,1
3,1,0.6209227,1
3,1,0.5948967,1
3,1,0.6433616,1
3,1,0.61700416,1
3,1,0.6195279,1
3,1,0.61853474,1
3,1,0.63454473,1
3,1,0.6366206,1
3,1,0.63685393,1
3,1,0.64140993,1
3,1,0.6274607,1
3,1,0.6262073,1
3,1,0.65851396,1
3,1,0.6515503,1
3,1,0.6476826,1
3,1,0.6435792,1
3,1,0.62238497,1
3,1,0.6372202,1
3,0,0.6123127,1
3,0,0.61796623,1
3,0,0.6120859,1
3,0,0.6494232,1
3,0,0.64152616,1
3,0,0.65527827,1
3,0,0.65297765,1
3,0,0.6283164,1
3,0,0.5520888,1
3,0,0.6255068,1
3,0,0.5561505,1
3,0,0.59707355,1
3,0,0.5889973,1
3,0,0.5807978,1
3,0,0.57047534,1
3,0,0.5707929,1
3,0,0.5905934,1
3,0,0.5974276,1
3,0,0.57870543,1
3,0,0.6131179,1
3,0,0.541032,1
3,0,0.61076605,1
3,0,0.62190187,1
3,0,0.6284094,1
3,0,0.6183707,1
3,0,0.66240716,1
3,0,0.6405766,1
3,0,0.6515486,1
3,0,0.6313996,1
3,0,0.62202054,1
3,0,0.6064895,1
3,0,0.6332853,1
3,0,0.62761104,1
3,0,0.65974766,1
3,0,0.6371878,1
3,0,0.65133524,1
3,0,0.6386933,1
3,0,0.6071534,1
3,0,0.60395986,1
3,0,0.6037601,1
3,0,0.5914287,1
3,0,0.55763775,1
3,0,0.5720135,1
3,0,0.6127529,1
3,0,0.554015,1
3,0,0.60814154,1
3,0,0.543805,1
3,0,0.6251103,1
3,0,0.502262,1
3,0,0.6081164,1
3,0,0.60102785,1
3,0,0.62694037,1
3,0,0.6102377,1
3,0,0.6312768,1
3,0,0.58591527,1
3,0,0.6078492,1
3,0,0.5857917,1
3,0,0.60084087,1
3,0,0.5419735,1
3,0,0.55518746,1
3,0,0.53683037,1
3,0,0.5771599,1
3,0,0.5420391,1
3,0,0.6065152,1
3,0,0.5685746,1
3,0,0.6389456,1
3,0,0.6150412,1
3,0,0.6520342,1
3,0,0.62867475,1
3,0,0.623027,1
3,0,0.6335268,1
3,0,0.66168576,1
3,0,0.64814585,1
3,0,0.6520711,1
3,0,0.6522869,1
3,0,0.6496308,1
3,0,0.66032326,1
3,0,0.6431847,1
3,0,0.6381529,1
3,0,0.60612106,1
3,0,0.5669,1
3,0,0.58581465,1
3,0,0.5696067,1
3,0,0.5883146,1
3,0,0.6101946,1
3,0,0.59398836,1
3,0,0.63396776,1
3,0,0.56147844,1
3,0,0.6081459,1
3,0,0.5765365,1
3,0,0.5592401,1
3,0,0.60565346,1
3,0,0.55927855,1
3,0,0.590348,1
3,0,0.6066729,1
3,0,0.582652,1
3,0,0.6126151,1
3,0,0.555843,1
3,0,0.6409678,1
3,0,0.5494883,1
3,0,0.5682805,1
3,0,0.57686216,1
3,0,0.6545688,1
3,0,0.6254638,1
3,0,0.6201106,1
3,0,0.6150247,1
3,0,0.64191633,1
3,0,0.6052592,1
3,0,0.63691944,1
3,0,0.6437234,1
3,0,0.63229084,1
3,0,0.6354108,1
3,0,0.6458183,1
3,0,0.5881045,1
3,0,0.61218446,1
3,0,0.6218294,1
3,0,0.6084364,1
3,0,0.6344865,1
3,0,0.6436363,1
3,0,0.650666,1
3,0,0.62188345,1
3,0,0.61422384,1
3,0,0.6199904,1
3,0,0.6262853,1
3,0,0.64392114,1
3,0,0.6429273,1
3,0,0.63384426,1
3,0,0.632241,1
3,0,0.6484351,1
3,0,0.6335465,1
3,0,0.6354474,1
3,0,0.6236755,1
3,0,0.63482094,1
3,0,0.6156342,1
3,0,0.6160667,1
3,0,0.6396789,1
3,0,0.58687127,1
3,0,0.5749549,1
3,0,0.613536,1
3,0,0.58973384,1
3,0,0.56232786,1
3,0,0.57802737,1
3,0,0.5822154,1
3,0,0.6095509,1
3,0,0.64302754,1
3,0,0.6394571,1
3,0,0.6515956,1
3,0,0.6029998,1
3,0,0.5920566,1
3,0,0.6230524,1
3,0,0.61196786,1
3,0,0.59690034,1
3,0,0.6166261,1
3,0,0.62832946,1
3,0,0.54297334,1
3,0,0.5737397,1
3,0,0.60684425,1
3,0,0.6311715,1
3,0,0.57178646,1
3,0,0.66360503,1
3,0,0.6172771,1
3,0,0.65080005,1
3,0,0.679715,1
3,0,0.67641544,1
3,0,0.6458658,1
3,0,0.6522243,1
3,0,0.65298164,1
3,0,0.63730896,1
3,0,0.6396214,1
3,0,0.6141121,1
3,0,0.64274204,1
3,0,0.6077994,1
3,0,0.6480303,1
3,0,0.60216427,1
3,0,0.6381699,1
3,0,0.59627634,1
3,0,0.605814,1
3,0,0.5756365,1
3,0,0.59571224,1
3,0,0.5781529,1
3,0,0.5968383,1
3,0,0.5756472,1
3,0,0.5841176,1
3,0,0.6117828,1
3,0,0.5874777,1
3,0,0.6298451,1
3,0,0.6070657,1
3,0,0.59195435,1
3,0,0.5501787,1
3,0,0.6059833,1
3,0,0.58494073,1
3,0,0.5970945,1
3,0,0.58882385,1
3,0,0.6449008,1
3,0,0.63976187,1
3,0,0.6537971,1
3,0,0.6587324,1
3,0,0.66602695,1
3,0,0.6682216,1
3,0,0.6693353,1
3,0,0.6393554,1
3,0,0.6518579,1
3,0,0.65399694,1
3,0,0.6277676,1
3,0,0.65758395,1
3,0,0.66413176,1
3,0,0.66475815,1
3,0,0.6527514,1
3,0,0.65062517,1
3,0,0.59218484,1
3,0,0.6068608,1
3,0,0.5681896,1
3,0,0.5922568,1
3,0,0.56359965,1
3,0,0.6171429,1
3,0,0.55179477,1
3,0,0.64861983,1
3,0,0.59317875,1
3,0,0.59990036,1
3,0,0.58118474,1
3,0,0.5824838,1
3,0,0.5302689,1
3,0,0.5771225,1
3,0,0.5635997,1
3,0,0.5612482,1
3,0,0.5923126,1
3,0,0.5981629,1
3,0,0.59339887,1
3,0,0.5451581,1
3,0,0.6112962,1
3,0,0.5875229,1
3,0,0.6107084,1
3,0,0.5848855,1
3,0,0.6307711,1
3,0,0.6072963,1
3,0,0.6292423,1
3,0,0.6416096,1
3,0,0.66715854,1
3,0,0.62996006,1
3,0,0.664318,1
3,0,0.63914734,1
3,0,0.62796175,1
3,0,0.6284123,1
3,0,0.6403272,1
3,0,0.6365498,1
3,0,0.6350128,1
3,0,0.62772894,1
3,0,0.639539,1
3,0,0.6613356,1
3,0,0.6618867,1
3,0,0.63506377,1
3,0,0.6453061,1
3,0,0.5723933,1
3,0,0.5679734,1
3,0,0.55664736,1
3,0,0.609928,1
3,0,0.58798367,1
3,0,0.6034745,1
3,0,0.5991012,1
3,0,0.6056845,1
3,0,0.5717582,1
3,0,0.60234827,1
3,0,0.55651647,1
3,0,0.5889154,1
3,0,0.5436301,1
3,0,0.5859047,1
3,0,0.57681984,1
3,0,0.5852111,1
3,0,0.5533515,1
3,0,0.5807363,1
3,0,0.534026,1
3,0,0.5737709,1
3,0,0.5698718,1
3,0,0.587671,1
3,0,0.567966,1
3,0,0.6005483,1
3,0,0.57377744,1
3,0,0.62304974,1
3,0,0.6024187,1
3,0,0.6258288,1
3,0,0.6284669,1
3,0,0.66601115,1
3,0,0.64884657,1
3,0,0.661559,1
3,0,0.6528266,1
3,0,0.6580851,1
3,0,0.6522479,1
3,0,0.6571549,1
3,0,0.61376745,1
3,0,0.6570621,1
3,0,0.60005677,1
3,0,0.573702,1
3,0,0.56352293,1
3,0,0.580748,1
3,0,0.58076966,1
3,0,0.59228635,1
3,0,0.5762351,1
3,0,0.6245643,1
3,0,0.56860304,1
3,0,0.5764646,1
3,0,0.54463714,1
3,0,0.59031093,1
3,0,0.5253572,1
3,0,0.59790856,1
3,0,0.5662341,1
3,0,0.5473467,1
3,0,0.53068334,1
3,0,0.5685427,1
3,0,0.52186114,1
3,0,0.5537549,1
3,0,0.529275,1
3,0,0.5677621,1
3,0,0.54832613,1
3,0,0.5995129,1
3,0,0.5697053,1
3,0,0.61792904,1
3,0,0.5841883,1
3,0,0.61561495,1
3,0,0.62545866,1
3,0,0.664852,1
3,0,0.654075,1
3,0,0.6583272,1
3,0,0.6334565,1
3,0,0.663332,1
3,1,0.6735887,1
3,1,0.62160355,1
3,1,0.6518265,1
3,1,0.6012741,1
3,1,0.6023629,1
3,1,0.54538494,1
3,1,0.57611,1
3,1,0.54759395,1
3,1,0.56965387,1
3,1,0.52470696,1
3,1,0.5619089,1
3,1,0.58837426,1
3,1,0.5914866,1
3,1,0.55216706,1
3,1,0.59696096,1
3,1,0.558285,1
3,1,0.5434179,1
3,1,0.58320254,1
3,1,0.6085258,1
3,1,0.5689456,1
3,1,0.5897205,1
3,1,0.60982007,1
3,1,0.5951685,1
3,1,0.5737902,1
3,1,0.5764909,1
3,0,0.49922258,0
3,0,0.55378747,1
3,0,0.5774199,1
3,0,0.5528814,1
3,0,0.5382835,1
3,0,0.52190006,1
3,0,0.5236855,1
3,0,0.51441824,1
3,0,0.5229838,1
3,0,0.55625284,1
3,0,0.53100395,1
3,0,0.56633604,1
3,0,0.5441359,1
3,0,0.5576888,1
3,0,0.5576668,1
3,0,0.60295415,1
3,0,0.61314094,1
3,0,0.60077584,1
3,0,0.5963188,1
3,0,0.6235171,1
3,0,0.608019,1
3,0,0.5902129,1
3,0,0.62341905,1
3,0,0.6125831,1
3,0,0.6473588,1
3,0,0.5928879,1
3,0,0.6002476,1
3,0,0.59275264,1
3,0,0.5973928,1
3,0,0.6002331,1
3,0,0.60135376,1
3,0,0.57451266,1
3,0,0.6091548,1
3,0,0.62645686,1
3,0,0.6474279,1
3,0,0.62093586,1
3,0,0.60043824,1
3,0,0.60469526,1
3,0,0.5742956,1
3,0,0.6048669,1
3,0,0.6089522,1
3,0,0.6159855,1
3,0,0.6173322,1
3,0,0.62158513,1
3,0,0.61120945,1
3,0,0.6057928,1
3,0,0.5813136,1
3,0,0.6170999,1
3,0,0.6059031,1
3,0,0.62150174,1
3,0,0.6030744,1
3,0,0.58441615,1
3,0,0.6020393,1
3,0,0.614871,1
3,0,0.6016108,1
3,0,0.6156852,1
3,0,0.5846005,1
3,0,0.610373,1
3,0,0.5985537,1
3,0,0.6010786,1
3,0,0.5953349,1
3,0,0.58603686,1
3,0,0.5814474,1
3,0,0.57498074,1
3,0,0.5978292,1
3,0,0.59574574,1
3,0,0.59354156,1
3,0,0.61158574,1
3,0,0.6076442,1
3,0,0.60788,1
3,0,0.60035527,1
3,0,0.61850977,1
3,0,0.61546063,1
3,0,0.605842,1
3,0,0.61433506,1
3,0,0.6071513,1
3,0,0.607742,1
3,0,0.6260338,1
3,0,0.6309281,1
3,0,0.5983208,1
3,0,0.60863376,1
3,0,0.62067294,1
3,0,0.61885023,1
3,0,0.60878927,1
3,0,0.62942284,1
3,0,0.61261594,1
3,0,0.62215066,1
3,0,0.6291103,1
3,0,0.6164741,1
3,0,0.61373603,1
3,0,0.62381214,1
3,0,0.61355877,1
3,0,0.6254799,1
3,0,0.63020575,1
3,0,0.63029146,1
3,0,0.63123745,1
3,0,0.59805226,1
3,0,0.59119546,1
3,0,0.61070055,1
3,0,0.5987506,1
3,0,0.6089761,1
3,0,0.59725606,1
3,0,0.6236071,1
3,0,0.5698905,1
3,0,0.60229975,1
3,0,0.6039956,1
3,0,0.58815134,1
3,0,0.56754816,1
3,0,0.57517654,1
3,0,0.6253229,1
3,0,0.59596854,1
3,0,0.61611074,1
3,0,0.60089254,1
3,0,0.597365,1
3,0,0.6141897,1
3,0,0.62155575,1
3,0,0.6019773,1
3,0,0.6274006,1
3,0,0.60139334,1
3,0,0.6228383,1
3,0,0.64415264,1
3,0,0.6189551,1
3,0,0.62829155,1
3,0,0.6040297,1
3,0,0.62216645,1
3,0,0.6128348,1
3,0,0.608512,1
3,0,0.61747754,1
3,0,0.6099005,1
3,1,0.62950724,1
3,1,0.6121311,1
3,1,0.6361898,1
3,1,0.61574626,1
3,1,0.6108894,1
3,1,0.6131914,1
3,1,0.61739475,1
3,1,0.6180859,1
3,1,0.6465026,1
3,1,0.63462,1
3,1,0.63666224,1
3,1,0.63908184,1
3,1,0.6204018,1
3,1,0.6205738,1
3,1,0.6162693,1
3,0,0.6197693,1
3,0,0.61575747,1
3,0,0.6015226,1
3,0,0.5852452,1
3,0,0.6236889,1
3,0,0.61742663,1
3,0,0.59300756,1
3,0,0.6263159,1
3,0,0.60907936,1
3,0,0.6045431,1
3,0,0.5964717,1
3,0,0.58757585,1
3,0,0.63525534,1
3,0,0.5821075,1
3,0,0.5868364,1
3,0,0.624492,1
3,0,0.6311025,1
3,0,0.62830156,1
3,0,0.6457155,1
3,0,0.626528,1
3,0,0.65058494,1
3,0,0.63479686,1
3,0,0.62750113,1
3,0,0.6277144,1
3,0,0.6336881,1
3,0,0.62474936,1
3,0,0.6170766,1
3,0,0.6249614,1
3,0,0.6252742,1
3,0,0.62722915,1
3,0,0.6065954,1
3,0,0.60962534,1
3,0,0.63026977,1
3,0,0.61897975,1
3,0,0.6304275,1
3,0,0.6132878,1
3,0,0.6202279,1
3,0,0.6315291,1
3,0,0.6305412,1
3,0,0.6282938,1
3,0,0.6118989,1
3,0,0.62269175,1
3,0,0.6029934,1
3,0,0.62630063,1
3,0,0.6197316,1
3,1,0.60409343,1
3,1,0.6060549,1
3,1,0.6052588,1
3,1,0.61847734,1
3,1,0.62278277,1
3,1,0.5980842,1
3,1,0.6146005,1
3,1,0.6174396,1
3,1,0.62014246,1
3,1,0.60129184,1
3,1,0.6066404,1
3,1,0.6226286,1
3,1,0.63394964,1
3,1,0.6225817,1
3,1,0.6205476,1
3,1,0.634697,1
3,1,0.62132996,1
3,1,0.63876295,1
3,0,0.5796148,1
3,0,0.6134923,1
3,0,0.6267326,1
3,0,0.6247298,1
3,0,0.6111839,1
3,1,0.6468288,1
3,1,0.6287969,1
3,1,0.6444564,1
3,1,0.6270741,1
3,1,0.6359459,1
3,1,0.64502937,1
3,1,0.61503386,1
3,1,0.61703163,1
3,1,0.61049557,1
3,1,0.62104225,1
3,1,0.6113264,1
3,1,0.641321,1
3,1,0.6225589,1
3,1,0.61750966,1
3,1,0.62610126,1
3,1,0.604558,1
3,1,0.6352631,1
3,1,0.63113123,1
3,1,0.6559172,1
3,1,0.6334274,1
3,1,0.63924754,1
3,1,0.6131094,1
3,1,0.61729956,1
3,1,0.61982447,1
3,1,0.6132397,1
3,1,0.6252273,1
3,1,0.5735208,1
3,1,0.61200434,1
3,1,0.5953821,1
3,1,0.60225916,1
3,1,0.60896343,1
3,1,0.6637888,1
3,1,0.6619425,1
3,1,0.66256195,1
3,1,0.66705513,1
3,1,0.69290245,1
3,1,0.6485843,1
3,1,0.67260617,1
3,1,0.65296715,1
3,1,0.64183015,1
3,1,0.646003,1
3,1,0.6147165,1
3,0,0.6058649,1
3,0,0.6145335,1
3,0,0.5960301,1
3,0,0.5925384,1
3,0,0.6115462,1
3,0,0.5959906,1
3,0,0.6210136,1
3,0,0.6351137,1
3,0,0.6052486,1
3,0,0.6166238,1
3,0,0.61141825,1
3,0,0.6370383,1
3,0,0.6555579,1
3,0,0.62718433,1
3,0,0.6181599,1
3,0,0.5973286,1
3,0,0.5774152,1
3,0,0.58854604,1
3,0,0.60181266,1
3,0,0.63347673,1
3,0,0.59785616,1
3,0,0.6116058,1
3,0,0.60351557,1
3,0,0.612786,1
3,0,0.5965682,1
3,0,0.59712076,1
3,1,0.6651144,1
3,1,0.6518802,1
3,1,0.6548189,1
3,1,0.64815545,1
3,1,0.6649704,1
3,1,0.6526167,1
3,1,0.61109746,1
3,1,0.63573796,1
3,0,0.54301393,1
3,0,0.62794703,1
3,0,0.60656416,1
3,0,0.59285784,1
3,0,0.6162504,1
3,1,0.5873115,1
3,1,0.62681204,1
3,1,0.60457265,1
3,1,0.5896718,1
3,1,0.6018076,1
3,1,0.64848894,1
3,1,0.60854447,1
3,1,0.611811,1
3,1,0.58791834,1
3,1,0.5942421,1
3,1,0.5662692,1
3,1,0.54956037,1
3,1,0.54306996,1
3,1,0.5912749,1
3,1,0.5844803,1
3,1,0.5670352,1
3,1,0.55902416,1
3,1,0.5239317,1
3,1,0.57262355,1
3,1,0.564948,1
3,1,0.60291195,1
3,1,0.6168639,1
3,1,0.6010979,1
3,1,0.6098741,1
3,1,0.62476635,1
3,0,0.6197734,1
3,0,0.5949848,1
3,0,0.5925366,1
3,0,0.5815753,1
3,0,0.60049844,1
3,0,0.5977161,1
3,0,0.61406225,1
3,0,0.5859307,1
3,0,0.57111204,1
3,0,0.59386444,1
3,0,0.5650188,1
3,0,0.60471845,1
3,0,0.54337597,1
3,0,0.54775846,1
3,0,0.59177333,1
3,0,0.5469194,1
3,0,0.57519627,1
3,0,0.5922304,1
3,0,0.55246544,1
3,0,0.5312779,1
3,0,0.57505774,1
3,0,0.57835865,1
3,0,0.58460134,1
3,0,0.56819046,1
3,0,0.5898849,1
3,0,0.59210485,1
3,0,0.5593874,1
3,0,0.5312281,1
3,0,0.5734039,1
3,0,0.5393074,1
3,0,0.5994731,1
3,0,0.5488674,1
3,0,0.527267,1
3,0,0.5743295,1
3,0,0.58616805,1
3,0,0.54291224,1
3,0,0.5564492,1
3,0,0.5701704,1
3,0,0.5646841,1
3,0,0.59441936,1
3,0,0.58505964,1
3,0,0.6044722,1
3,0,0.5954067,1
3,0,0.5805479,1
3,0,0.5729815,1
3,0,0.6030541,1
3,0,0.5998421,1
3,0,0.54563814,1
3,0,0.573764,1
3,0,0.5666772,1
3,0,0.51209325,1
3,0,0.54956585,1
3,0,0.58436805,1
3,0,0.5324662,1
3,0,0.5117677,1
3,0,0.5502698,1
3,0,0.58087456,1
3,0,0.55815446,1
3,0,0.54801756,1
3,0,0.5908907,1
3,1,0.5814553,1
3,1,0.5994548,1
3,1,0.58337694,1
3,1,0.5971318,1
3,1,0.5895174,1
3,1,0.5966322,1
3,1,0.6289667,1
3,1,0.55945194,1
3,1,0.53009945,1
3,1,0.5690624,1
3,0,0.5043967,1
3,0,0.5376144,1
3,0,0.5110576,1
3,0,0.5844074,1
3,0,0.57780397,1
3,0,0.5803037,1
3,0,0.543679,1
3,0,0.5627865,1
3,0,0.58366317,1
3,0,0.615653,1
3,1,0.6040897,1
3,1,0.5699836,1
3,1,0.63458073,1
3,1,0.5820647,1
3,1,0.60398173,1
3,1,0.59530616,1
3,1,0.5996345,1
3,1,0.60635287,1
3,1,0.61952007,1
3,1,0.6053186,1
3,1,0.61772394,1
3,1,0.62063986,1
3,1,0.6097792,1
3,1,0.6116366,1
3,1,0.6267525,1
3,0,0.6140623,1
3,0,0.6080862,1
3,0,0.5898798,1
3,0,0.62159026,1
3,0,0.57113504,1
3,0,0.60816,1
3,0,0.60000116,1
3,0,0.59890324,1
3,0,0.58899033,1
3,0,0.61370695,1
3,0,0.620903,1
3,0,0.5993145,1
3,0,0.5935936,1
3,0,0.6341645,1
3,0,0.60205543,1
3,0,0.57217866,1
3,0,0.5940521,1
3,0,0.5644278,1
3,0,0.58099777,1
3,0,0.57222813,1
3,0,0.5720038,1
3,0,0.56467485,1
3,0,0.54080564,1
3,0,0.56609285,1
3,0,0.5706115,1
3,0,0.5568713,1
3,0,0.54724294,1
3,0,0.5488919,1
3,0,0.534611,1
3,0,0.5484564,1
3,0,0.5630206,1
3,0,0.5528982,1
3,0,0.55256045,1
3,0,0.54056966,1
3,0,0.55266947,1
3,0,0.5469399,1
3,0,0.5651601,1
3,0,0.5757493,1
3,0,0.5782771,1
3,0,0.59178394,1
3,0,0.58543193,1
3,0,0.5898349,1
3,0,0.5937476,1
3,0,0.5797293,1
3,0,0.55607504,1
3,1,0.58605486,1
3,1,0.6177408,1
3,1,0.6182213,1
3,1,0.61990696,1
3,1,0.6237344,1
3,1,0.60232574,1
3,1,0.5845382,1
3,1,0.61725515,1
3,1,0.618265,1
3,1,0.6139968,1
3,0,0.6125022,1
3,0,0.6243721,1
3,0,0.62502015,1
3,0,0.6154336,1
3,0,0.6269446,1
3,0,0.6027206,1
3,0,0.6355191,1
3,0,0.62159604,1
3,0,0.6023064,1
3,0,0.61394835,1
3,0,0.6007687,1
3,0,0.5958558,1
3,0,0.60408556,1
3,0,0.6224366,1
3,0,0.6088957,1
3,0,0.60683185,1
3,0,0.62033224,1
3,0,0.5846653,1
3,0,0.5791323,1
3,0,0.5765473,1
3,0,0.5997354,1
3,0,0.6123604,1
3,0,0.6074863,1
3,0,0.61906224,1
3,0,0.5761555,1
3,0,0.6038386,1
3,0,0.5720375,1
3,0,0.59745765,1
3,0,0.57724136,1
3,0,0.6190367,1
3,0,0.6116499,1
3,0,0.60686934,1
3,0,0.5908215,1
3,0,0.6107634,1
3,0,0.5932722,1
3,0,0.5860704,1
3,0,0.57880485,1
3,0,0.5999648,1
3,0,0.58743566,1
3,0,0.5960998,1
3,1,0.5809814,1
3,1,0.56106746,1
3,1,0.5977678,1
3,1,0.570602,1
3,1,0.6134416,1
3,1,0.5913269,1
3,1,0.6199878,1
3,1,0.58709055,1
3,1,0.6117314,1
3,1,0.62448555,1
3,1,0.62360936,1
3,1,0.65532047,1
3,1,0.62780535,1
3,1,0.6158968,1
3,1,0.6116353,1
3,1,0.5923751,1
3,1,0.61381733,1
3,1,0.6276679,1
3,1,0.63404006,1
3,1,0.6226609,1
3,1,0.5909349,1
3,1,0.551782,1
3,1,0.56464154,1
3,1,0.5406161,1
3,1,0.5638287,1
3,1,0.594372,1
3,1,0.62269574,1
3,1,0.64879704,1
3,1,0.60429245,1
3,1,0.610953,1
3,1,0.6057886,1
3,1,0.57666814,1
3,1,0.58851314,1
3,1,0.5746137,1
3,1,0.5723111,1
3,1,0.60971665,1
3,1,0.5991026,1
3,1,0.58739316,1
3,1,0.6242672,1
3,1,0.63473976,1
3,1,0.6317169,1
3,1,0.5535765,1
3,1,0.56283194,1
3,1,0.55458254,1
3,1,0.52966076,1
3,1,0.5474509,1
3,1,0.5585243,1
3,1,0.5564495,1
3,1,0.55243856,1
3,1,0.57149893,1
3,1,0.6268879,1
3,1,0.6232622,1
3,1,0.6335006,1
3,1,0.6601922,1
3,1,0.65978664,1
3,1,0.66314596,1
3,1,0.64289576,1
3,1,0.6513533,1
3,1,0.6361552,1
3,1,0.64727426,1
3,1,0.6497647,1
3,1,0.6629664,1
3,1,0.6632179,1
3,1,0.65247494,1
3,1,0.64168197,1
3,1,0.6435753,1
3,1,0.6190319,1
3,1,0.62739915,1
3,1,0.6568068,1
3,1,0.6456494,1
3,1,0.6443407,1
3,1,0.651895,1
3,1,0.6454638,1
3,1,0.6401544,1
3,1,0.6683912,1
3,1,0.6748813,1
3,1,0.64331,1
3,1,0.6604092,1
3,1,0.64686865,1
3,0,0.6067077,1
3,0,0.6165384,1
3,0,0.62367165,1
3,0,0.6270228,1
3,0,0.61412346,1
3,0,0.62338775,1
3,0,0.60783106,1
3,0,0.624494,1
3,0,0.61605567,1
3,0,0.6302791,1
3,0,0.63183165,1
3,0,0.60915655,1
3,0,0.6120113,1
3,0,0.6337905,1
3,0,0.63412946,1
3,0,0.6273128,1
3,0,0.64046264,1
3,0,0.6417157,1
3,0,0.6409237,1
3,0,0.6352921,1
3,0,0.6213115,1
3,0,0.6219464,1
3,0,0.63606113,1
3,0,0.65085125,1
3,0,0.5939351,1
3,0,0.62525487,1
3,0,0.59858686,1
3,0,0.6240751,1
3,0,0.6248251,1
3,0,0.6244667,1
3,0,0.6387699,1
3,0,0.6532864,1
3,0,0.6196698,1
3,0,0.6261158,1
3,0,0.6058738,1
3,0,0.6129734,1
3,0,0.6211497,1
3,0,0.61489624,1
3,0,0.6037951,1
3,0,0.63561463,1
3,0,0.6149161,1
3,0,0.6032797,1
3,0,0.63345677,1
3,0,0.6246556,1
3,0,0.6577141,1
3,0,0.60833263,1
3,0,0.6103583,1
3,0,0.6096678,1
3,0,0.61103594,1
3,0,0.6176806,1
3,0,0.61038405,1
3,0,0.6086943,1
3,0,0.61449444,1
3,0,0.62279785,1
3,0,0.6299729,1
3,0,0.65198666,1
3,0,0.63338417,1
3,0,0.611469,1
3,0,0.6203492,1
3,0,0.58534586,1
3,0,0.6231735,1
3,0,0.6221093,1
3,0,0.6368513,1
3,0,0.6284458,1
3,0,0.6354032,1
3,0,0.62673414,1
3,0,0.6167491,1
3,0,0.597887,1
3,0,0.6371794,1
3,0,0.6253501,1
3,0,0.62565225,1
3,0,0.62100947,1
3,0,0.6166645,1
3,0,0.6311243,1
3,0,0.63034725,1
3,0,0.62335104,1
3,0,0.6363334,1
3,0,0.6163527,1
3,0,0.6188536,1
3,0,0.60771114,1
3,0,0.6085513,1
3,0,0.6050354,1
3,0,0.59973496,1
3,0,0.5955808,1
3,0,0.58941054,1
3,0,0.60847527,1
3,0,0.6021665,1
3,0,0.6091159,1
3,0,0.62177366,1
3,0,0.6197921,1
3,0,0.61973536,1
3,0,0.6070159,1
3,0,0.62748635,1
3,0,0.62961525,1
3,0,0.6119799,1
3,0,0.62397355,1
3,0,0.61521024,1
3,0,0.6201357,1
3,0,0.6299023,1
3,0,0.6348815,1
3,0,0.6038152,1
3,0,0.6202039,1
3,1,0.62334687,1
3,1,0.6221293,1
3,1,0.60980374,1
3,1,0.6360336,1
3,1,0.6267617,1
3,1,0.62875,1
3,1,0.6313476,1
3,1,0.6223982,1
3,1,0.62124234,1
3,1,0.6380088,1
3,1,0.6228606,1
3,1,0.63694143,1
3,1,0.6418032,1
3,1,0.63789743,1
3,1,0.6405456,1
3,1,0.61362326,1
3,1,0.6021768,1
3,1,0.62182903,1
3,0,0.6094415,1
3,0,0.6247572,1
3,0,0.6111058,1
3,0,0.6343984,1
3,0,0.5885659,1
3,0,0.61434865,1
3,0,0.619106,1
3,0,0.6047935,1
3,0,0.6033066,1
3,0,0.5921056,1
3,0,0.6536961,1
3,0,0.6111645,1
3,0,0.63515073,1
3,0,0.6102643,1
3,0,0.60865045,1
3,0,0.6361998,1
3,0,0.63461655,1
3,0,0.61595315,1
3,0,0.63304174,1
3,0,0.6126509,1
3,0,0.630139,1
3,0,0.617963,1
3,0,0.62973225,1
3,0,0.6266455,1
3,0,0.6120985,1
3,0,0.6269045,1
3,0,0.62016374,1
3,0,0.6211931,1
3,0,0.6353607,1
3,0,0.62051874,1
3,0,0.62508863,1
3,0,0.6287418,1
3,0,0.64194906,1
3,0,0.62812686,1
3,0,0.6179454,1
3,0,0.6228828,1
3,0,0.6316584,1
3,0,0.63379157,1
3,0,0.650566,1
3,0,0.6436799,1
3,0,0.63493544,1
3,0,0.64399356,1
3,0,0.6224673,1
3,0,0.6314743,1
3,0,0.627624,1
3,0,0.6457358,1
3,0,0.6359275,1
3,0,0.61481446,1
3,0,0.603087,1
3,0,0.63005334,1
3,0,0.62846303,1
3,0,0.6172106,1
3,0,0.64235085,1
3,0,0.6273853,1
3,0,0.62020606,1
3,0,0.6106411,1
3,0,0.6108726,1
3,0,0.64828026,1
3,0,0.59392387,1
3,0,0.5977244,1
3,0,0.6307447,1
3,0,0.63553506,1
3,0,0.633039,1
3,0,0.6542083,1
3,0,0.64527035,1
3,0,0.6624203,1
3,0,0.6431471,1
3,0,0.63124835,1
3,0,0.64304996,1
3,0,0.6321338,1
3,0,0.62437415,1
3,0,0.6294096,1
3,0,0.627532,1
3,0,0.64075625,1
3,0,0.63692164,1
3,0,0.62056464,1
3,0,0.6164548,1
3,0,0.63476884,1
3,0,0.6248183,1
3,0,0.6252627,1
3,0,0.6246981,1
3,0,0.6266645,1
3,0,0.6212232,1
3,0,0.62950397,1
3,0,0.621206,1
3,0,0.60537857,1
3,0,0.6253347,1
3,0,0.61993223,1
3,0,0.6345055,1
3,0,0.6279367,1
3,0,0.6167032,1
3,0,0.6182174,1
3,0,0.6164742,1
3,0,0.62273604,1
3,0,0.6260911,1
3,0,0.609904,1
3,0,0.6260755,1
3,0,0.62842315,1
3,0,0.62986875,1
3,0,0.6207901,1
3,0,0.6155695,1
3,0,0.6430867,1
3,0,0.630134,1
3,0,0.62826747,1
3,0,0.6312603,1
3,1,0.64882725,1
3,1,0.62080234,1
3,1,0.6288324,1
3,1,0.6349078,1
3,1,0.64954084,1
3,1,0.6223664,1
3,1,0.6158245,1
3,1,0.63380945,1
3,1,0.6398192,1
3,1,0.61311585,1
3,1,0.63030297,1
3,1,0.6127946,1
3,1,0.6005491,1
3,1,0.5924866,1
3,1,0.6171125,1
3,1,0.6028064,1
3,1,0.568249,1
3,1,0.59140545,1
3,1,0.596037,1
3,1,0.59771377,1
3,1,0.6118922,1
3,1,0.61776996,1
3,1,0.5972005,1
3,1,0.61314434,1
3,1,0.59986037,1
3,1,0.61373496,1
3,1,0.6070096,1
3,1,0.592981,1
3,1,0.63086545,1
3,1,0.6235899,1
3,1,0.61293507,1
3,1,0.6503647,1
3,1,0.62482536,1
3,1,0.6498723,1
3,1,0.6393644,1
3,1,0.6496011,1
3,1,0.6447604,1
3,1,0.63471067,1
3,1,0.63232005,1
3,1,0.6311851,1
3,1,0.65304404,1
3,1,0.6314882,1
3,1,0.59138256,1
3,1,0.55854535,1
3,1,0.5750157,1
3,1,0.606439,1
3,1,0.56810045,1
3,1,0.6119962,1
3,1,0.62247187,1
3,1,0.62722874,1
3,1,0.6231859,1
3,1,0.6218879,1
3,1,0.62326044,1
3,1,0.59004045,1
3,1,0.5775731,1
3,1,0.5608495,1
3,0,0.5320555,1
3,0,0.53569144,1
3,0,0.64365333,1
3,0,0.58956057,1
3,0,0.6094277,1
3,0,0.6012791,1
3,0,0.5601593,1
3,0,0.63312805,1
3,0,0.5853744,1
3,0,0.64667153,1
3,0,0.64082664,1
3,0,0.62303203,1
3,0,0.57001513,1
3,0,0.6160889,1
3,0,0.6403048,1
3,0,0.5620207,1
3,0,0.5724665,1
3,0,0.5152734,1
3,0,0.48797664,0
3,0,0.6056398,1
3,0,0.54265577,1
3,0,0.5580971,1
3,0,0.5579572,1
3,0,0.5887605,1
3,0,0.6093845,1
3,0,0.54724526,1
3,0,0.59086394,1
3,0,0.6511546,1
3,0,0.62861246,1
3,0,0.58238024,1
3,0,0.58751696,1
3,0,0.6251292,1
3,0,0.5760619,1
3,0,0.61049837,1
3,0,0.5730462,1
3,0,0.5728428,1
3,1,0.6022787,1
3,1,0.5561154,1
3,1,0.61488205,1
3,1,0.55618894,1
3,1,0.5618027,1
3,1,0.5634309,1
3,1,0.57052934,1
3,1,0.5697993,1
3,1,0.6029996,1
3,1,0.56381327,1
3,1,0.5674179,1
3,1,0.5705319,1
3,1,0.5771027,1
3,1,0.5937482,1
3,1,0.58768976,1
3,1,0.55176306,1
3,1,0.579823,1
3,1,0.6068356,1
3,1,0.56018937,1
3,1,0.53948486,1
3,1,0.60368973,1
3,1,0.6034665,1
3,1,0.5937973,1
3,1,0.57510996,1
3,1,0.5705508,1
3,1,0.58659256,1
3,1,0.61003214,1
3,1,0.5918553,1
3,1,0.60165536,1
3,1,0.5922844,1
3,1,0.60651135,1
3,1,0.63378406,1
3,1,0.5930572,1
3,1,0.5927899,1
3,1,0.60622674,1
3,1,0.62430364,1
3,1,0.63137156,1
3,1,0.6238393,1
3,1,0.60703576,1
3,1,0.62606895,1
3,1,0.60742754,1
3,1,0.6303031,1
3,1,0.62580776,1
3,1,0.62516034,1
3,1,0.5851716,1
3,1,0.5861417,1
3,1,0.61317223,1
3,1,0.62150156,1
3,1,0.588206,1
3,1,0.5657542,1
3,0,0.56021214,1
3,0,0.5550685,1
3,0,0.5511584,1
3,0,0.5275244,1
3,0,0.508793,1
3,0,0.5202919,1
3,0,0.5732968,1
3,0,0.5381051,1
3,0,0.50462013,1
3,0,0.53913516,1
3,1,0.5405094,1
3,1,0.5529229,1
3,1,0.51629215,1
3,1,0.5646454,1
3,1,0.5258174,1
3,1,0.57716864,1
3,1,0.5243363,1
3,1,0.54341656,1
3,1,0.5256225,1
3,1,0.5259149,1
3,1,0.53077084,1
3,1,0.52552843,1
3,1,0.557664,1
3,1,0.5746668,1
3,1,0.5584813,1
3,1,0.5668412,1
3,1,0.61721194,1
3,1,0.5732143,1
3,1,0.6332166,1
3,1,0.57212174,1
3,1,0.635193,1
3,1,0.6105753,1
3,1,0.6349953,1
3,1,0.61628574,1
3,1,0.618066,1
3,1,0.58968717,1
3,1,0.6067868,1
3,1,0.6241164,1
3,1,0.5874414,1
3,1,0.60815406,1
3,1,0.598445,1
3,1,0.5954412,1
3,1,0.6197955,1
3,1,0.6088284,1
3,1,0.585281,1
3,1,0.5530617,1
3,1,0.5859842,1
3,1,0.5492426,1
3,1,0.5950606,1
3,1,0.5824883,1
3,1,0.572621,1
3,1,0.6125053,1
3,1,0.59836364,1
3,1,0.6319503,1
3,1,0.60784703,1
3,1,0.59681225,1
3,1,0.5957265,1
3,1,0.583013,1
3,1,0.592728,1
3,1,0.60354334,1
4,1,0.579245,1
4,1,0.5466991,1
4,1,0.5745202,1
4,1,0.6035184,1
4,1,0.6033402,1
4,1,0.59217906,1
4,1,0.5809743,1
4,1,0.60415626,1
4,1,0.55999994,1
4,1,0.6245401,1
4,1,0.61786985,1
4,1,0.5949312,1
4,1,0.5694898,1
4,1,0.56506705,1
4,1,0.5726964,1
4,1,0.5775613,1
4,1,0.56522346,1
4,1,0.54807806,1
4,1,0.5734041,1
4,1,0.57437414,1
4,1,0.56097114,1
4,1,0.55861884,1
4,1,0.56223446,1
4,1,0.56129867,1
4,1,0.5536108,1
4,1,0.54167813,1
4,1,0.5719468,1
4,1,0.55214924,1
4,1,0.5427149,1
4,1,0.56243765,1
4,1,0.5547833,1
4,1,0.5501704,1
4,1,0.5461702,1
4,1,0.5737417,1
4,1,0.56014514,1
4,1,0.5641988,1
4,1,0.54664886,1
4,1,0.5841723,1
4,1,0.5561786,1
4,0,0.6255998,1
4,0,0.62628454,1
4,0,0.6544994,1
4,0,0.600686,1
4,0,0.6305675,1
4,0,0.6016274,1
4,0,0.61723614,1
4,0,0.5734929,1
4,0,0.59909004,1
4,0,0.56655866,1
4,0,0.6133965,1
4,0,0.59269196,1
4,0,0.61110854,1
4,1,0.64289564,1
4,1,0.5868401,1
4,1,0.64874864,1
4,1,0.6384503,1
4,1,0.58942974,1
4,1,0.6157206,1
4,1,0.6078202,1
4,1,0.6162835,1
4,1,0.5736723,1
4,1,0.65743536,1
4,1,0.64569134,1
4,1,0.6515093,1
4,1,0.6428924,1
4,1,0.65027386,1
4,1,0.61491084,1
4,1,0.5980632,1
4,1,0.6253291,1
4,1,0.63132745,1
4,1,0.5825921,1
4,1,0.6433628,1
4,1,0.56917536,1
4,1,0.60340154,1
4,1,0.54622746,1
4,1,0.5438163,1
4,1,0.5587509,1
4,1,0.5325343,1
4,1,0.53092444,1
4,1,0.5549091,1
4,1,0.5577339,1
4,1,0.5304021,1
4,1,0.51474255,1
4,1,0.536133,1
4,1,0.56244934,1
4,1,0.54748523,1
4,1,0.5182007,1
4,1,0.5782174,1
4,1,0.5586154,1
4,1,0.54714376,1
4,1,0.5622898,1
4,1,0.5832578,1
4,0,0.59850615,1
4,0,0.5637256,1
4,0,0.59596384,1
4,0,0.5944405,1
4,0,0.56544054,1
4,0,0.5684643,1
4,0,0.6104808,1
4,0,0.5851318,1
4,0,0.5471565,1
4,0,0.5973184,1
4,0,0.62067944,1
4,0,0.597235,1
4,0,0.57962584,1
4,0,0.5987084,1
4,0,0.6042618,1
4,0,0.52785623,1
4,0,0.58860856,1
4,0,0.5751288,1
4,0,0.5484993,1
4,0,0.56486714,1
4,0,0.6001229,1
4,0,0.5900464,1
4,0,0.5167624,1
4,0,0.5817146,1
4,0,0.6069211,1
4,0,0.5747938,1
4,0,0.5489742,1
4,0,0.5785937,1
4,0,0.5837392,1
4,0,0.5431315,1
4,0,0.5671384,1
4,0,0.5888319,1
4,0,0.5876682,1
4,0,0.55862004,1
4,1,0.59943724,1
4,1,0.6203269,1
4,1,0.6036041,1
4,1,0.6225803,1
4,1,0.65085787,1
4,1,0.6408611,1
4,1,0.5773253,1
4,1,0.58269817,1
4,1,0.6128481,1
4,1,0.65855646,1
4,1,0.63766915,1
4,1,0.65590113,1
4,1,0.5833935,1
4,1,0.6202347,1
4,1,0.54820186,1
4,1,0.6082451,1
4,1,0.61297953,1
4,1,0.60481995,1
4,1,0.6153536,1
4,1,0.5982044,1
4,1,0.603772,1
4,1,0.59100515,1
4,1,0.58244425,1
4,1,0.59173346,1
4,1,0.58512443,1
4,1,0.61518073,1
4,1,0.5959373,1
4,1,0.59654343,1
4,1,0.620648,1
4,1,0.61718506,1
4,1,0.6071802,1
4,1,0.584556,1
4,1,0.6036324,1
4,1,0.58172697,1
4,1,0.62142485,1
4,1,0.5747422,1
4,1,0.62349266,1
4,1,0.6054138,1
4,1,0.60403633,1
4,1,0.5793014,1
4,0,0.4860587,0
4,0,0.52677023,1
4,0,0.52937126,1
4,0,0.52410173,1
4,0,0.5383139,1
4,0,0.5511881,1
4,0,0.54367334,1
4,0,0.50568354,1
4,0,0.4761096,0
4,0,0.51159376,1
4,0,0.4939588,0
4,0,0.46747202,0
4,0,0.5055603,1
4,0,0.51084995,1
4,0,0.4839783,0
4,0,0.48739934,0
4,0,0.49665502,0
4,0,0.50019723,1
4,0,0.56018513,1
4,0,0.55967015,1
4,0,0.5513648,1
4,0,0.5967838,1
4,0,0.60343796,1
4,0,0.603527,1
4,0,0.5996722,1
4,0,0.61473775,1
4,0,0.6069929,1
4,0,0.5590144,1
4,0,0.6036577,1
4,0,0.5745325,1
4,0,0.59361565,1
4,0,0.5803901,1
4,0,0.5876554,1
4,0,0.57919914,1
4,0,0.557787,1
4,0,0.54713076,1
4,0,0.5159253,1
4,0,0.5595285,1
4,0,0.51750547,1
4,0,0.5367331,1
4,0,0.51505625,1
4,0,0.5353412,1
4,0,0.48110184,0
4,0,0.52089375,1
4,0,0.4899723,0
4,0,0.52071726,1
4,0,0.51014584,1
4,0,0.55100656,1
4,0,0.54445416,1
4,0,0.5656279,1
4,0,0.5323531,1
4,0,0.5736251,1
4,0,0.5568201,1
4,0,0.55898964,1
4,0,0.5244482,1
4,0,0.540803,1
4,0,0.49632698,0
4,0,0.5366196,1
4,0,0.5192015,1
4,0,0.5325412,1
4,0,0.49707165,0
4,0,0.55108607,1
4,0,0.52691835,1
4,0,0.5605885,1
4,0,0.5078778,1
4,0,0.5491914,1
4,0,0.46446273,0
4,1,0.51950014,1
4,1,0.5323558,1
4,1,0.5053618,1
4,1,0.551442,1
4,1,0.5077999,1
4,1,0.56005526,1
4,1,0.4955867,0
4,1,0.5421478,1
4,1,0.5077151,1
4,0,0.55419713,1
4,0,0.49558845,0
4,0,0.52809566,1
4,0,0.5023636,1
4,0,0.5217926,1
4,0,0.52582216,1
4,0,0.555152,1
4,0,0.53512406,1
4,0,0.5734916,1
4,0,0.5729666,1
4,0,0.6083089,1
4,0,0.5907055,1
4,0,0.6014223,1
4,0,0.5835132,1
4,0,0.5985458,1
4,0,0.59823203,1
4,0,0.5690509,1
4,0,0.5726996,1
4,0,0.5648763,1
4,0,0.5543466,1
4,0,0.5259101,1
4,0,0.5287902,1
4,0,0.5358126,1
4,0,0.51206785,1
4,0,0.53272253,1
4,0,0.5124084,1
4,0,0.54384375,1
4,0,0.46418396,0
4,0,0.5386297,1
4,0,0.48473847,0
4,0,0.5624684,1
4,0,0.5199809,1
4,0,0.54824424,1
4,0,0.5270886,1
4,0,0.57237935,1
4,0,0.5427025,1
4,0,0.5736912,1
4,0,0.5157014,1
4,0,0.58873034,1
4,0,0.5444814,1
4,0,0.5706877,1
4,0,0.55132085,1
4,0,0.5641894,1
4,0,0.5461024,1
4,0,0.54100806,1
4,0,0.55485904,1
4,0,0.5315896,1
4,0,0.5328968,1
4,0,0.53280824,1
4,0,0.54791856,1
4,0,0.5375912,1
4,0,0.56305987,1
4,0,0.5475704,1
4,0,0.5672841,1
4,0,0.5579463,1
4,0,0.55813754,1
4,0,0.57218754,1
4,0,0.56396765,1
4,0,0.5697519,1
4,0,0.5457713,1
4,0,0.53955597,1
4,0,0.5024003,1
4,0,0.54776,1
4,0,0.49455795,0
4,0,0.5551749,1
4,0,0.4949471,0
4,0,0.5546047,1
4,0,0.51190764,1
4,0,0.53878784,1
4,0,0.49023005,0
4,0,0.5704691,1
4,0,0.49420452,0
4,0,0.58001864,1
4,0,0.5120984,1
4,0,0.5763153,1
4,0,0.5469568,1
4,0,0.5496176,1
4,0,0.5288581,1
4,0,0.57757425,1
4,0,0.5183395,1
4,0,0.5640943,1
4,0,0.5127191,1
4,0,0.570825,1
4,0,0.5013631,1
4,0,0.5718079,1
4,0,0.47449604,0
4,0,0.5669781,1
4,0,0.46789354,0
4,0,0.55574596,1
4,0,0.5059194,1
4,0,0.5442376,1
4,0,0.52641565,1
4,0,0.57153404,1
4,0,0.5693816,1
4,0,0.59506667,1
4,0,0.58217907,1
4,0,0.5906928,1
4,0,0.55796653,1
4,0,0.5596385,1
4,0,0.56106573,1
4,0,0.53922516,1
4,0,0.53036374,1
4,1,0.5345784,1
4,1,0.49335048,0
4,1,0.543206,1
4,1,0.4884906,0
4,1,0.5685598,1
4,1,0.48776704,0
4,1,0.5623119,1
4,1,0.482264,0
4,1,0.5444171,1
4,0,0.52166146,1
4,0,0.57055575,1
4,0,0.53546226,1
4,0,0.5294283,1
4,0,0.5522861,1
4,0,0.53865284,1
4,0,0.5128535,1
4,0,0.5535765,1
4,0,0.4886721,0
4,0,0.5503089,1
4,0,0.5028569,1
4,0,0.5126749,1
4,0,0.55607355,1
4,0,0.5276385,1
4,0,0.57556224,1
4,0,0.5380043,1
4,0,0.56630576,1
4,0,0.5844974,1
4,0,0.60626197,1
4,0,0.58226454,1
4,0,0.5854018,1
4,0,0.5989956,1
4,0,0.5918742,1
4,0,0.58921796,1
4,0,0.5707786,1
4,0,0.58404493,1
4,0,0.6035729,1
4,0,0.59529215,1
4,0,0.60544634,1
4,0,0.5766398,1
4,0,0.5877804,1
4,0,0.57232416,1
4,0,0.5740788,1
4,0,0.5740784,1
4,0,0.5566666,1
4,0,0.5800146,1
4,0,0.55380666,1
4,0,0.5711035,1
4,0,0.5546664,1
4,0,0.5836852,1
4,0,0.48672035,0
4,0,0.56518435,1
4,0,0.48105356,0
4,0,0.5485345,1
4,0,0.49273944,0
4,0,0.5586177,1
4,1,0.49146163,0
4,1,0.5462694,1
4,1,0.492413,0
4,1,0.58106744,1
4,1,0.5303516,1
4,1,0.48743758,0
4,1,0.53126085,1
4,1,0.48094514,0
4,1,0.5546592,1
4,1,0.4909258,0
4,1,0.5656334,1
4,1,0.47094864,0
4,1,0.5363067,1
4,0,0.471523,0
4,0,0.5265529,1
4,0,0.5026102,1
4,0,0.52163416,1
4,0,0.5449458,1
4,0,0.577901,1
4,0,0.58094823,1
4,0,0.5782182,1
4,0,0.59427243,1
4,0,0.6113756,1
4,0,0.61978054,1
4,0,0.603856,1
4,0,0.59776753,1
4,0,0.596627,1
4,0,0.5984403,1
4,0,0.5805991,1
4,0,0.5931413,1
4,0,0.60301876,1
4,0,0.56620866,1
4,0,0.58854043,1
4,0,0.5651588,1
4,0,0.59474707,1
4,0,0.5954853,1
4,1,0.588238,1
4,1,0.5554763,1
4,1,0.55766076,1
4,1,0.54933685,1
4,1,0.5130771,1
4,1,0.5501744,1
4,1,0.4803089,0
4,1,0.5355451,1
4,1,0.4797632,0
4,1,0.5429162,1
4,1,0.47158524,0
4,1,0.515577,1
4,1,0.48052078,0
4,1,0.5463234,1
4,1,0.50543135,1
4,0,0.49495846,0
4,0,0.53552085,1
4,0,0.51596755,1
4,0,0.5464581,1
4,0,0.536434,1
4,0,0.53053874,1
4,0,0.51621544,1
4,0,0.5015442,1
4,0,0.5178279,1
4,0,0.50916576,1
4,0,0.508344,1
4,0,0.510278,1
4,0,0.4713327,0
4,0,0.46924537,0
4,0,0.475991,0
4,0,0.47575444,0
4,0,0.4621733,0
4,0,0.4691193,0
4,0,0.481508,0
4,0,0.4785327,0
4,0,0.47476527,0
4,0,0.4681871,0
4,0,0.4868642,0
4,0,0.4943123,0
4,0,0.50463164,1
4,0,0.5266249,1
4,0,0.5217014,1
4,0,0.5798158,1
4,0,0.56890005,1
4,0,0.5796779,1
4,0,0.5902171,1
4,0,0.5618979,1
4,0,0.56427145,1
4,0,0.5615513,1
4,0,0.565022,1
4,0,0.57495064,1
4,0,0.5734839,1
4,0,0.5836373,1
4,0,0.5859356,1
4,0,0.5824964,1
4,0,0.5890786,1
4,0,0.57812744,1
4,0,0.58074975,1
4,0,0.5637669,1
4,0,0.5697511,1
4,0,0.56694776,1
4,0,0.5874812,1
4,0,0.5929255,1
4,0,0.5694346,1
4,0,0.5662743,1
4,0,0.5655864,1
4,0,0.56848353,1
4,0,0.5580692,1
4,0,0.5599472,1
4,0,0.5836216,1
4,0,0.58571666,1
4,0,0.5736694,1
4,0,0.56633663,1
4,0,0.5899165,1
4,0,0.588515,1
4,0,0.57249844,1
4,0,0.59707165,1
4,0,0.57168216,1
4,0,0.5528217,1
4,0,0.59058917,1
4,0,0.59931517,1
4,0,0.5750335,1
4,0,0.5600363,1
4,0,0.5857542,1
4,0,0.58124524,1
4,0,0.5633171,1
4,0,0.55988044,1
4,0,0.5941807,1
4,0,0.59052694,1
4,0,0.5784294,1
4,0,0.5872835,1
4,0,0.6080522,1
4,0,0.59786904,1
4,0,0.5632257,1
4,0,0.6014185,1
4,0,0.5999302,1
4,0,0.5747748,1
4,0,0.57424,1
4,0,0.59270084,1
4,0,0.55806386,1
4,0,0.5710813,1
4,0,0.5625623,1
4,0,0.5784511,1
4,0,0.57882106,1
4,0,0.58570856,1
4,0,0.5500462,1
4,0,0.56719536,1
4,0,0.5356929,1
4,0,0.546344,1
4,0,0.57168424,1
4,0,0.55919564,1
4,0,0.54702187,1
4,0,0.57407004,1
4,0,0.55199873,1
4,0,0.5504652,1
4,0,0.5351741,1
4,0,0.49723133,0
4,0,0.5390786,1
4,0,0.56266123,1
4,0,0.55336833,1
4,0,0.5655981,1
4,0,0.5366584,1
4,0,0.58441705,1
4,0,0.56614065,1
4,0,0.5722243,1
4,0,0.52359337,1
4,0,0.5632609,1
4,0,0.5396378,1
4,1,0.6071314,1
4,1,0.6350511,1
4,1,0.6231392,1
4,1,0.6324206,1
4,1,0.5806621,1
4,1,0.61479497,1
4,1,0.6100166,1
4,1,0.62062395,1
4,1,0.6573182,1
4,1,0.64102226,1
4,1,0.63575107,1
4,1,0.6493827,1
4,1,0.6659658,1
4,1,0.63429755,1
4,1,0.6406265,1
4,1,0.60678846,1
4,1,0.6001765,1
4,1,0.66559756,1
4,1,0.5681072,1
4,1,0.6006718,1
4,1,0.6460345,1
4,1,0.624899,1
4,1,0.5474798,1
4,1,0.5677959,1
4,1,0.5951994,1
4,1,0.5586372,1
4,1,0.54593265,1
4,1,0.55010015,1
4,1,0.5575322,1
4,1,0.53143114,1
4,1,0.5599721,1
4,1,0.5699348,1
4,1,0.5595094,1
4,1,0.5442772,1
4,1,0.5367275,1
4,1,0.4904373,0
4,1,0.5052173,1
4,1,0.6036912,1
4,1,0.5856626,1
4,1,0.549543,1
4,1,0.5958723,1
4,1,0.6084441,1
4,1,0.5640485,1
4,1,0.588725,1
4,1,0.59083617,1
4,1,0.5987315,1
4,1,0.5398567,1
4,1,0.58273226,1
4,1,0.556921,1
4,1,0.56118697,1
4,1,0.5969512,1
4,1,0.55605376,1
4,1,0.5435987,1
4,1,0.5207796,1
4,1,0.5457994,1
4,1,0.55928105,1
4,1,0.5070528,1
4,1,0.518446,1
4,1,0.5650318,1
4,1,0.5644154,1
4,1,0.4978337,0
4,1,0.5088415,1
4,1,0.56075996,1
4,1,0.53780395,1
4,1,0.4906389,0
4,1,0.5202496,1
4,1,0.5821388,1
4,1,0.56440043,1
4,1,0.59614354,1
4,1,0.5820742,1
4,1,0.56948286,1
4,1,0.5863293,1
4,1,0.56593186,1
4,1,0.5781377,1
4,1,0.579311,1
4,1,0.541389,1
4,1,0.58482856,1
4,1,0.5366551,1
4,1,0.53181577,1
4,1,0.56477654,1
4,1,0.5084647,1
4,1,0.5627217,1
4,1,0.5027475,1
4,1,0.53885823,1
4,1,0.54096216,1
4,1,0.54640496,1
4,1,0.5372321,1
4,1,0.58864874,1
4,1,0.50139046,1
4,1,0.5746191,1
4,1,0.5627579,1
4,1,0.62324154,1
4,1,0.62731254,1
4,1,0.61409736,1
4,1,0.624652,1
4,1,0.6096325,1
4,1,0.625605,1
4,1,0.6056878,1
4,1,0.6012474,1
4,1,0.5768565,1
4,1,0.5582728,1
4,1,0.53603303,1
4,0,0.60817516,1
4,0,0.61860174,1
4,0,0.6134742,1
4,0,0.6086448,1
4,0,0.61333954,1
4,0,0.59715533,1
4,0,0.6178881,1
4,0,0.5964344,1
4,0,0.6214351,1
4,0,0.60201085,1
4,0,0.6072651,1
4,0,0.5979539,1
4,0,0.54730815,1
4,0,0.53306645,1
4,1,0.5444838,1
4,1,0.51798654,1
4,1,0.5896994,1
4,1,0.58416355,1
4,1,0.5936915,1
4,1,0.6147607,1
4,1,0.6075264,1
4,1,0.5874146,1
4,1,0.596057,1
4,1,0.60490674,1
4,1,0.608885,1
4,1,0.5959406,1
4,1,0.5872014,1
4,1,0.58838993,1
4,1,0.53940356,1
4,1,0.53555226,1
4,0,0.5437078,1
4,0,0.5085827,1
4,0,0.5551331,1
4,0,0.55427235,1
4,0,0.550895,1
4,0,0.5951663,1
4,0,0.59664494,1
4,0,0.60403144,1
4,0,0.5835989,1
4,0,0.60669446,1
4,0,0.5914003,1
4,0,0.5776382,1
4,0,0.6006514,1
4,0,0.60190016,1
4,0,0.5998638,1
4,0,0.59095293,1
4,0,0.49202728,0
4,0,0.55405235,1
4,0,0.5100307,1
4,0,0.53058404,1
4,0,0.48454005,0
4,0,0.5535427,1
4,0,0.46678096,0
4,0,0.5905871,1
4,0,0.47264746,0
4,0,0.5350919,1
4,0,0.5553148,1
4,0,0.5222166,1
4,0,0.45373994,0
4,0,0.58189917,1
4,0,0.4824196,0
4,0,0.5633149,1
4,0,0.4777564,0
4,0,0.5542548,1
4,0,0.46434093,0
4,0,0.5509734,1
4,0,0.5115194,1
4,0,0.5849022,1
4,0,0.5972722,1
4,0,0.59448355,1
4,0,0.599821,1
4,0,0.6080083,1
4,0,0.6080529,1
4,0,0.6141791,1
4,0,0.6100874,1
4,0,0.6032562,1
4,0,0.56986946,1
4,0,0.5996496,1
4,0,0.6065612,1
4,0,0.5737611,1
4,0,0.6043349,1
4,0,0.60724026,1
4,0,0.5985203,1
4,0,0.5837047,1
4,0,0.60635936,1
4,0,0.588537,1
4,0,0.5794948,1
4,0,0.61321294,1
4,0,0.59392107,1
4,0,0.5847316,1
4,0,0.58749783,1
4,0,0.6000112,1
4,0,0.5888098,1
4,0,0.57846355,1
4,0,0.6012972,1
4,0,0.60618234,1
4,0,0.59511685,1
4,0,0.5781361,1
4,0,0.5944896,1
4,0,0.5957967,1
4,0,0.5520936,1
4,0,0.56841457,1
4,0,0.57429075,1
4,0,0.5822925,1
4,0,0.5854922,1
4,0,0.590617,1
4,0,0.6065334,1
4,0,0.5877119,1
4,0,0.58806854,1
4,0,0.56904274,1
4,0,0.5923747,1
4,0,0.5990748,1
4,0,0.56942654,1
4,0,0.5891592,1
4,0,0.5841939,1
4,0,0.5798405,1
4,0,0.5935178,1
4,0,0.5710698,1
4,0,0.5844371,1
4,0,0.60283,1
4,0,0.575367,1
4,0,0.5919876,1
4,0,0.5875297,1
4,0,0.59883803,1
4,0,0.5913558,1
4,0,0.5705613,1
4,0,0.5804125,1
4,0,0.5993107,1
4,0,0.60160047,1
4,0,0.5888156,1
4,0,0.58898103,1
4,0,0.6004763,1
4,0,0.58100367,1
4,0,0.6048359,1
4,0,0.6084002,1
4,0,0.5811211,1
4,0,0.6183958,1
4,0,0.6013955,1
4,0,0.6037854,1
4,0,0.58222526,1
4,0,0.5883448,1
4,0,0.60674584,1
4,0,0.5922726,1
4,0,0.5937982,1
4,0,0.6176383,1
4,0,0.6214236,1
4,0,0.59217787,1
4,0,0.610706,1
4,0,0.59418947,1
4,0,0.6098925,1
4,0,0.5686713,1
4,0,0.58900875,1
4,0,0.56814975,1
4,0,0.5578488,1
4,0,0.5375299,1
4,0,0.5802207,1
4,0,0.58677757,1
4,0,0.57824194,1
4,0,0.58015037,1
4,0,0.5837213,1
4,0,0.59731734,1
4,0,0.5681842,1
4,0,0.5978172,1
4,0,0.57639194,1
4,0,0.5882782,1
4,0,0.59906954,1
4,0,0.60482806,1
4,0,0.5909336,1
4,0,0.5911757,1
4,0,0.60049754,1
4,0,0.5839018,1
4,1,0.59301656,1
4,1,0.57600045,1
4,1,0.5523206,1
4,1,0.5752591,1
4,1,0.55806535,1
4,1,0.59259635,1
4,1,0.58684516,1
4,1,0.55896217,1
4,1,0.59223026,1
4,1,0.595986,1
4,1,0.61074114,1
4,1,0.5675012,1
4,1,0.5979991,1
4,1,0.59717137,1
4,1,0.59547836,1
4,1,0.5751147,1
4,1,0.6016714,1
4,1,0.58777714,1
4,1,0.60541564,1
4,1,0.58820903,1
4,1,0.5861833,1
4,1,0.58766603,1
4,1,0.58838046,1
4,1,0.5969438,1
4,1,0.58972657,1
4,0,0.56884104,1
4,0,0.56815064,1
4,0,0.56656194,1
4,0,0.595258,1
4,0,0.59596914,1
4,0,0.61082256,1
4,0,0.6159026,1
4,0,0.6044148,1
4,0,0.60174584,1
4,0,0.59433955,1
4,0,0.5921221,1
4,0,0.6020489,1
4,0,0.5925727,1
4,0,0.57807165,1
4,0,0.54115486,1
4,0,0.5610686,1
4,0,0.53659564,1
4,0,0.53645384,1
4,0,0.54227436,1
4,0,0.57656753,1
4,0,0.5976453,1
4,0,0.5876684,1
4,0,0.59109044,1
4,0,0.586891,1
4,0,0.556212,1
4,0,0.54443014,1
4,0,0.54842263,1
4,0,0.54842794,1
4,0,0.55510527,1
4,0,0.56041014,1
4,0,0.56464416,1
4,0,0.58836555,1
4,0,0.5978612,1
4,0,0.5735222,1
4,0,0.5914671,1
4,0,0.6140086,1
4,0,0.6132471,1
4,0,0.5786911,1
4,0,0.59705037,1
4,0,0.5938793,1
4,0,0.5893531,1
4,0,0.6036596,1
4,0,0.5811522,1
4,0,0.5900832,1
4,0,0.56366867,1
4,1,0.581073,1
4,1,0.5611393,1
4,1,0.5720328,1
4,1,0.5622988,1
4,1,0.5850511,1
4,1,0.57054406,1
4,1,0.5875231,1
4,1,0.5866841,1
4,1,0.57031834,1
4,1,0.58593535,1
4,1,0.5695227,1
4,1,0.5684056,1
4,1,0.5713786,1
4,1,0.5738432,1
4,1,0.5804943,1
4,1,0.57471687,1
4,1,0.56996584,1
4,1,0.57084775,1
4,1,0.5623787,1
4,1,0.5735256,1
4,1,0.55809206,1
4,1,0.57786554,1
4,1,0.57988274,1
4,1,0.57350445,1
4,1,0.5817223,1
4,1,0.5421921,1
4,1,0.58882976,1
4,1,0.5813742,1
4,1,0.5840592,1
4,1,0.5649638,1
4,1,0.56674224,1
4,1,0.5918842,1
4,1,0.56609124,1
4,1,0.5971994,1
4,1,0.57036304,1
4,1,0.5864341,1
4,1,0.58474314,1
4,1,0.5901994,1
4,1,0.56579804,1
4,1,0.58435,1
4,1,0.57478976,1
4,1,0.5778476,1
4,1,0.59579784,1
4,1,0.5895256,1
4,1,0.6006356,1
4,1,0.60291594,1
4,1,0.6089237,1
4,1,0.5934223,1
4,1,0.5981672,1
4,1,0.5748905,1
4,1,0.561734,1
4,1,0.5962472,1
4,1,0.625686,1
4,1,0.5782632,1
4,1,0.609176,1
4,1,0.6135917,1
4,1,0.57748914,1
4,1,0.5890033,1
4,1,0.60954744,1
4,1,0.5864112,1
4,1,0.5992653,1
4,1,0.6291592,1
4,1,0.6047758,1
4,1,0.6171758,1
4,1,0.6158296,1
4,1,0.6171125,1
4,1,0.62689024,1
4,1,0.6342967,1
4,1,0.6208372,1
4,1,0.636117,1
4,1,0.5758498,1
4,1,0.5842158,1
4,1,0.6373978,1
4,1,0.6296638,1
4,1,0.5859516,1
4,1,0.61792237,1
4,1,0.64488363,1
4,1,0.6133693,1
4,1,0.59545195,1
4,1,0.62437713,1
4,1,0.5901105,1
4,1,0.60668397,1
4,1,0.62565416,1
4,1,0.61867255,1
4,1,0.5705796,1
4,1,0.6133987,1
4,1,0.61793107,1
4,1,0.614301,1
4,1,0.6016901,1
4,1,0.6104562,1
4,1,0.6066781,1
4,1,0.60792774,1
4,1,0.6291165,1
4,1,0.64071536,1
4,1,0.6226827,1
4,1,0.5906044,1
4,1,0.62146765,1
4,1,0.6151114,1
4,1,0.58758795,1
4,1,0.59743637,1
4,1,0.6335423,1
4,1,0.59448385,1
4,0,0.6069757,1
4,0,0.6374172,1
4,0,0.6048294,1
4,0,0.5399875,1
4,0,0.6046526,1
4,0,0.6241348,1
4,0,0.5832816,1
4,0,0.5847304,1
4,0,0.6295657,1
4,0,0.6013063,1
4,0,0.550326,1
4,0,0.61482143,1
4,1,0.55059934,1
4,1,0.5666936,1
4,1,0.54676825,1
4,1,0.56154984,1
4,1,0.56448597,1
4,1,0.5336146,1
4,1,0.51368845,1
4,1,0.5462856,1
4,1,0.5088107,1
4,1,0.53240633,1
4,1,0.50162536,1
4,1,0.56037766,1
4,1,0.5500924,1
4,1,0.48597613,0
4,1,0.57991946,1
4,1,0.4995879,0
4,1,0.50697947,1
4,1,0.5421102,1
4,1,0.53850347,1
4,1,0.50637275,1
4,1,0.5479692,1
4,1,0.53580874,1
4,1,0.51576966,1
4,1,0.559102,1
4,1,0.5558689,1
4,1,0.5484625,1
4,1,0.5489592,1
4,1,0.556132,1
4,1,0.5511078,1
4,1,0.5481235,1
4,1,0.54174,1
4,1,0.5912441,1
4,1,0.5451874,1
4,1,0.5638819,1
4,1,0.56314653,1
4,1,0.57548887,1
4,1,0.53674734,1
4,1,0.53978646,1
4,1,0.53941053,1
4,1,0.5053431,1
4,1,0.5069488,1
4,1,0.5135591,1
4,1,0.52357316,1
4,1,0.49104348,0
4,1,0.5461806,1
4,1,0.56100386,1
4,1,0.57422656,1
4,1,0.546731,1
4,1,0.5510848,1
4,1,0.55619407,1
4,1,0.5403253,1
4,1,0.5448577,1
4,1,0.5520791,1
4,1,0.5197627,1
4,1,0.53154683,1
4,1,0.54956955,1
4,1,0.52159905,1
4,1,0.5548532,1
4,1,0.5594635,1
4,1,0.53568375,1
4,1,0.5808534,1
4,1,0.5536406,1
4,1,0.5764683,1
4,1,0.59781873,1
4,1,0.53837484,1
4,1,0.5228328,1
4,1,0.53238654,1
4,1,0.5182844,1
4,1,0.5211122,1
4,1,0.51030743,1
4,1,0.56107646,1
4,1,0.5260928,1
4,1,0.52535754,1
4,1,0.5552839,1
4,1,0.5359374,1
4,1,0.5297414,1
4,1,0.5268151,1
4,1,0.5006618,1
4,1,0.50318134,1
4,1,0.52317935,1
4,1,0.51152563,1
4,1,0.50588334,1
4,1,0.5127304,1
4,1,0.5059189,1
4,1,0.5079886,1
4,1,0.5383679,1
4,1,0.52199143,1
4,1,0.53509486,1
4,1,0.54766893,1
4,1,0.54308146,1
4,1,0.5757397,1
4,1,0.59951997,1
4,1,0.5743441,1
4,1,0.562501,1
4,1,0.5685789,1
4,1,0.5716411,1
4,1,0.5679037,1
4,1,0.5671197,1
4,0,0.5290079,1
4,0,0.5568237,1
4,0,0.5625217,1
4,0,0.59283775,1
4,0,0.6021561,1
4,0,0.58697695,1
4,0,0.5942135,1
4,0,0.6380513,1
4,0,0.58999926,1
4,0,0.62059486,1
4,0,0.62008417,1
4,0,0.63137907,1
4,0,0.6124503,1
4,0,0.5962193,1
4,0,0.6157267,1
4,0,0.63495904,1
4,0,0.6323515,1
4,0,0.5963272,1
4,0,0.5856228,1
4,0,0.5898924,1
4,0,0.58130825,1
4,0,0.6097764,1
4,0,0.60592973,1
4,0,0.59788334,1
4,0,0.5896965,1
4,0,0.568788,1
4,0,0.5701822,1
4,0,0.59716636,1
4,0,0.5810995,1
4,0,0.6062348,1
4,0,0.5676049,1
4,0,0.5768484,1
4,0,0.5266571,1
4,0,0.49862492,0
4,0,0.52190405,1
4,0,0.5925922,1
4,0,0.61414266,1
4,0,0.5824053,1
4,0,0.63146293,1
4,0,0.583932,1
4,0,0.6331699,1
4,0,0.5816441,1
4,0,0.62337977,1
4,0,0.5710741,1
4,0,0.6418316,1
4,0,0.60086614,1
4,0,0.6270261,1
4,0,0.60038674,1
4,0,0.60793567,1
4,0,0.5816014,1
4,0,0.6081398,1
4,0,0.58709705,1
4,0,0.6193929,1
4,0,0.62727374,1
4,0,0.6319756,1
4,0,0.6362213,1
4,0,0.6185552,1
4,0,0.6215602,1
4,0,0.64843774,1
4,0,0.62447476,1
4,0,0.62845516,1
4,0,0.6504699,1
4,0,0.6531611,1
4,0,0.6113791,1
4,0,0.6259346,1
4,0,0.5818665,1
4,0,0.62739134,1
4,0,0.5844759,1
4,0,0.62334245,1
4,0,0.6152414,1
4,0,0.629327,1
4,0,0.6290556,1
4,0,0.6001681,1
4,0,0.6081491,1
4,0,0.5929137,1
4,0,0.60845125,1
4,0,0.60918325,1
4,0,0.59169143,1
4,0,0.5885719,1
4,0,0.6195553,1
4,0,0.58750975,1
4,0,0.60016525,1
4,0,0.59426755,1
4,0,0.5907031,1
4,0,0.55191946,1
4,0,0.5851901,1
4,0,0.5894214,1
4,0,0.60071504,1
4,0,0.6190485,1
4,0,0.61928505,1
4,0,0.5834817,1
4,0,0.611176,1
4,0,0.56216717,1
4,0,0.61559,1
4,0,0.5789195,1
4,0,0.643393,1
4,0,0.6013972,1
4,0,0.6549364,1
4,0,0.60127014,1
4,0,0.6263191,1
4,0,0.6214094,1
4,0,0.63934016,1
4,0,0.6102602,1
4,0,0.63268304,1
4,0,0.6064557,1
4,0,0.6205504,1
4,0,0.6366661,1
4,0,0.63044447,1
4,0,0.60545546,1
4,0,0.62639827,1
4,0,0.6236072,1
4,0,0.62630904,1
4,0,0.57906497,1
4,0,0.6106912,1
4,0,0.5594638,1
4,0,0.5990439,1
4,0,0.5696649,1
4,0,0.61592764,1
4,0,0.5576949,1
4,0,0.6234559,1
4,0,0.64052856,1
4,0,0.6071856,1
4,0,0.61358637,1
4,0,0.59594876,1
4,0,0.64492124,1
4,0,0.63293207,1
4,0,0.6389637,1
4,0,0.65608495,1
4,0,0.6117658,1
4,0,0.60578924,1
4,0,0.58603567,1
4,0,0.6186601,1
4,0,0.64820045,1
4,0,0.6342333,1
4,0,0.63065404,1
4,0,0.6146029,1
4,0,0.6315267,1
4,0,0.59359574,1
4,0,0.61570233,1
4,0,0.60631526,1
4,0,0.6059538,1
4,0,0.6158367,1
4,0,0.5898619,1
4,0,0.60038847,1
4,0,0.60723174,1
4,0,0.60319436,1
4,0,0.60912,1
4,0,0.6115749,1
4,0,0.6232745,1
4,0,0.58133066,1
4,0,0.6090554,1
4,0,0.5625327,1
4,0,0.6188353,1
4,0,0.5868445,1
4,0,0.6122943,1
4,0,0.59357584,1
4,0,0.62495625,1
4,0,0.59751093,1
4,0,0.6141555,1
4,0,0.6079306,1
4,0,0.62380356,1
4,0,0.611001,1
4,0,0.60529333,1
4,0,0.58971876,1
4,0,0.55125356,1
4,0,0.6087205,1
4,0,0.6117721,1
4,0,0.58920366,1
4,0,0.58065665,1
4,0,0.5458637,1
4,0,0.6462647,1
4,0,0.58522713,1
4,0,0.63305646,1
4,0,0.5669809,1
4,0,0.62067074,1
4,0,0.54246753,1
4,0,0.6336412,1
4,0,0.48877883,0
4,0,0.60106325,1
4,0,0.5766082,1
4,0,0.61901116,1
4,0,0.58773166,1
4,1,0.56951815,1
4,1,0.5774065,1
4,1,0.58169043,1
4,1,0.5675525,1
4,1,0.552972,1
4,1,0.57622147,1
4,1,0.5768269,1
4,1,0.56406903,1
4,1,0.56177115,1
4,1,0.56487256,1
4,1,0.56372696,1
4,1,0.55588645,1
4,1,0.54538643,1
4,1,0.5756813,1
4,1,0.5556438,1
4,1,0.54611653,1
4,1,0.5638369,1
4,1,0.5577702,1
4,1,0.5525231,1
4,1,0.5482251,1
4,1,0.60813385,1
4,1,0.61292964,1
4,1,0.60474145,1
4,1,0.6151047,1
4,1,0.5981417,1
4,1,0.6038316,1
4,1,0.59049124,1
4,1,0.58231515,1
4,1,0.59140307,1
4,1,0.5850126,1
4,1,0.6146619,1
4,1,0.5962144,1
4,1,0.5964798,1
4,1,0.6206435,1
4,1,0.6173497,1
4,1,0.6074642,1
4,1,0.58443767,1
4,1,0.6038766,1
4,1,0.5812792,1
4,1,0.62154377,1
4,1,0.57500225,1
4,1,0.6239887,1
4,1,0.60547125,1
4,1,0.6044105,1
4,1,0.5858057,1
4,1,0.5479669,1
4,1,0.6505526,1
4,1,0.5857708,1
4,1,0.59366065,1
4,1,0.58655345,1
4,1,0.60191125,1
4,1,0.59441406,1
4,1,0.55006045,1
4,1,0.5792766,1
4,1,0.588436,1
4,1,0.5776203,1
4,1,0.554736,1
4,1,0.58812815,1
4,1,0.5755281,1
4,1,0.57886165,1
4,1,0.5722639,1
4,1,0.5485529,1
4,1,0.5653545,1
4,1,0.5682612,1
4,1,0.55101645,1
4,1,0.54336536,1
4,1,0.57212484,1
4,1,0.56053454,1
4,1,0.5481563,1
4,1,0.5736108,1
4,1,0.56503904,1
4,1,0.5535111,1
4,1,0.5502136,1
4,1,0.5551865,1
4,1,0.555953,1
4,1,0.5562521,1
4,1,0.55514514,1
4,1,0.5341359,1
4,1,0.5408672,1
4,1,0.5635902,1
4,1,0.555842,1
4,1,0.5523083,1
4,1,0.56151307,1
4,1,0.5649287,1
4,1,0.55889684,1
4,1,0.567288,1
4,1,0.56430364,1
4,1,0.56301343,1
4,1,0.54352796,1
4,1,0.5431196,1
4,1,0.56863004,1
4,1,0.5600806,1
4,1,0.5603964,1
4,1,0.5435734,1
4,1,0.5938842,1
4,1,0.61422855,1
4,1,0.6016861,1
4,1,0.60930955,1
4,1,0.5982993,1
4,1,0.5866503,1
4,1,0.6087752,1
4,1,0.6006475,1
4,1,0.5912888,1
4,1,0.6357755,1
4,1,0.6523642,1
4,1,0.62299865,1
4,1,0.6043469,1
4,1,0.61110777,1
4,1,0.6112639,1
4,1,0.6060812,1
4,1,0.6041636,1
4,1,0.5931958,1
4,1,0.61189663,1
4,1,0.5960399,1
4,1,0.59826314,1
4,1,0.5976291,1
4,1,0.48836434,0
4,1,0.49624595,0
4,1,0.5360222,1
4,1,0.50132316,1
4,1,0.5712069,1
4,1,0.5093286,1
4,1,0.5628266,1
4,1,0.53117096,1
4,1,0.56597286,1
4,1,0.5678099,1
4,1,0.6113434,1
4,1,0.5852678,1
4,1,0.5772023,1
4,1,0.6159283,1
4,1,0.6196729,1
4,1,0.60848004,1
4,1,0.60705143,1
4,1,0.585448,1
4,1,0.6057532,1
4,1,0.61102486,1
4,1,0.60496074,1
4,1,0.61993057,1
4,1,0.6216212,1
4,1,0.57881814,1
4,1,0.5929545,1
4,1,0.6187463,1
4,1,0.60064703,1
4,1,0.57519823,1
4,1,0.59842646,1
4,0,0.56130135,1
4,0,0.59339577,1
4,0,0.5673718,1
4,0,0.581027,1
4,0,0.58030456,1
4,0,0.58296967,1
4,0,0.56482124,1
4,0,0.56621474,1
4,0,0.5917882,1
4,0,0.5661056,1
4,0,0.5967241,1
4,0,0.5704159,1
4,0,0.58618826,1
4,0,0.58483565,1
4,0,0.55041754,1
4,0,0.5899672,1
4,0,0.5654468,1
4,0,0.5840616,1
4,0,0.5745418,1
4,0,0.5777818,1
4,0,0.5949932,1
4,0,0.5891601,1
4,0,0.60016686,1
4,0,0.60218483,1
4,0,0.608572,1
4,0,0.5929831,1
4,0,0.5976113,1
4,0,0.6099106,1
4,0,0.6133389,1
4,0,0.61213046,1
4,0,0.596803,1
4,0,0.5984536,1
4,0,0.5999693,1
4,1,0.59643054,1
4,1,0.5927774,1
4,1,0.59566474,1
4,1,0.60885286,1
4,1,0.6081607,1
4,1,0.5775609,1
4,1,0.59779114,1
4,1,0.61153686,1
4,0,0.6005338,1
4,0,0.61335915,1
4,0,0.6089672,1
4,0,0.6141818,1
4,0,0.5993366,1
4,0,0.5875012,1
4,0,0.6001647,1
4,0,0.6089025,1
4,0,0.5920192,1
4,0,0.59149474,1
4,0,0.59081554,1
4,0,0.61268127,1
4,0,0.60041696,1
4,0,0.5847365,1
4,0,0.6187173,1
4,0,0.6067021,1
4,0,0.5767265,1
4,0,0.6168182,1
4,0,0.62424827,1
4,0,0.58399606,1
4,0,0.5880102,1
4,0,0.6198591,1
4,0,0.59075385,1
4,0,0.5783958,1
4,0,0.6150386,1
4,0,0.612786,1
4,0,0.57992154,1
4,0,0.5853542,1
4,0,0.6015637,1
4,0,0.6018216,1
4,0,0.5862187,1
4,0,0.59741914,1
4,0,0.5909484,1
4,0,0.61787236,1
4,0,0.6107849,1
4,0,0.61233747,1
4,0,0.5965112,1
4,0,0.60406613,1
4,0,0.62071645,1
4,0,0.5652969,1
4,0,0.5733949,1
4,0,0.6006412,1
4,0,0.6035904,1
4,0,0.5772963,1
4,0,0.580593,1
4,0,0.603281,1
4,0,0.582662,1
4,0,0.5715551,1
4,0,0.61439174,1
4,0,0.60147446,1
4,0,0.55413187,1
4,0,0.59994876,1
4,0,0.605467,1
4,0,0.5782971,1
4,0,0.572086,1
4,0,0.59289134,1
4,0,0.6046521,1
4,0,0.5735358,1
4,0,0.5718679,1
4,0,0.58245367,1
4,0,0.5715064,1
4,0,0.57487935,1
4,0,0.56435335,1
4,0,0.5947901,1
4,0,0.6226751,1
4,0,0.5765341,1
4,0,0.60514635,1
4,0,0.61114955,1
4,0,0.57845885,1
4,0,0.58746165,1
4,0,0.606964,1
4,0,0.59763676,1
4,0,0.5775652,1
4,0,0.57296216,1
4,0,0.6167385,1
4,0,0.59754807,1
4,0,0.55901253,1
4,0,0.6036064,1
4,0,0.5977886,1
4,0,0.5915584,1
4,0,0.6065314,1
4,0,0.60354066,1
4,0,0.59596926,1
4,0,0.609201,1
4,0,0.6227279,1
4,0,0.6013005,1
4,0,0.58959806,1
4,0,0.613428,1
4,0,0.61843556,1
4,0,0.5762941,1
4,0,0.57931495,1
4,0,0.6055565,1
4,0,0.58722,1
4,0,0.5571247,1
4,0,0.6212719,1
4,0,0.61899316,1
4,0,0.5666587,1
4,0,0.60728854,1
4,0,0.6365429,1
4,0,0.5835746,1
4,0,0.57545066,1
4,0,0.6120193,1
4,0,0.6225364,1
4,0,0.5889666,1
4,0,0.57634825,1
4,0,0.6251375,1
4,0,0.60684437,1
4,0,0.553892,1
4,0,0.60741186,1
4,0,0.62573516,1
4,0,0.586235,1
4,0,0.5724081,1
4,0,0.6033498,1
4,0,0.5942914,1
4,0,0.58215326,1
4,0,0.59193593,1
4,0,0.6206189,1
4,0,0.6112934,1
4,0,0.5644053,1
4,0,0.60470414,1
4,0,0.62766105,1
4,0,0.5800418,1
4,0,0.5896806,1
4,0,0.6251869,1
4,0,0.60401696,1
4,0,0.5537622,1
4,0,0.6038673,1
4,0,0.6402392,1
4,0,0.59418046,1
4,0,0.58342475,1
4,0,0.61051893,1
4,0,0.61152256,1
4,0,0.5721975,1
4,0,0.59421635,1
4,0,0.60575604,1
4,0,0.56252265,1
4,0,0.5652122,1
4,0,0.5854829,1
4,0,0.59784585,1
4,0,0.62830687,1
4,0,0.604098,1
4,0,0.61666507,1
4,0,0.61567366,1
4,0,0.61674404,1
4,0,0.62623787,1
4,0,0.63429123,1
4,0,0.62085307,1
4,0,0.6282697,1
4,0,0.63713825,1
4,0,0.62340623,1
4,0,0.60490775,1
4,0,0.6449066,1
4,0,0.6291544,1
4,0,0.59857464,1
4,0,0.6121802,1
4,0,0.6459903,1
4,0,0.62948227,1
4,0,0.5981947,1
4,0,0.6343541,1
4,0,0.6391796,1
4,0,0.57466096,1
4,0,0.60637885,1
4,0,0.63046706,1
4,0,0.6156127,1
4,0,0.5673988,1
4,0,0.60374534,1
4,0,0.59936124,1
4,0,0.57407373,1
4,0,0.5837057,1
4,0,0.60548425,1
4,0,0.591768,1
4,0,0.60606426,1
4,0,0.6283872,1
4,0,0.6105311,1
4,0,0.6012916,1
4,0,0.6216296,1
4,0,0.62510747,1
4,0,0.6306471,1
4,0,0.6363514,1
4,0,0.6188115,1
4,0,0.62650937,1
4,0,0.5754141,1
4,0,0.6292577,1
4,0,0.6357272,1
4,0,0.57576096,1
4,0,0.5844399,1
4,0,0.6370593,1
4,0,0.62927455,1
4,0,0.58551794,1
4,0,0.61738724,1
4,0,0.6450976,1
4,0,0.6132996,1
4,0,0.5942894,1
4,0,0.62420243,1
4,0,0.6297582,1
4,0,0.57605857,1
4,0,0.6158665,1
4,0,0.6191949,1
4,0,0.60268056,1
4,0,0.5852363,1
4,0,0.61905265,1
4,0,0.6198148,1
4,0,0.61132866,1
4,0,0.6286131,1
4,0,0.5972194,1
4,0,0.6215655,1
4,0,0.60195374,1
4,0,0.633801,1
4,0,0.58973044,1
4,0,0.6214474,1
4,0,0.60274833,1
4,0,0.6033163,1
4,0,0.6141796,1
4,0,0.6347949,1
4,0,0.58889925,1
4,0,0.5969755,1
4,0,0.63606197,1
4,0,0.5995659,1
4,0,0.5802054,1
4,0,0.6089701,1
4,0,0.627905,1
4,0,0.5897748,1
4,0,0.60645485,1
4,0,0.625339,1
4,0,0.61836576,1
4,0,0.56949437,1
4,0,0.6133035,1
4,0,0.61782,1
4,0,0.6142301,1
4,0,0.6012889,1
4,0,0.6108813,1
4,0,0.6062916,1
4,0,0.60780984,1
4,0,0.58550406,1
4,0,0.59140223,1
4,0,0.62056476,1
4,0,0.60743475,1
4,0,0.57644635,1
4,0,0.6027367,1
4,0,0.6353875,1
4,0,0.61086744,1
4,0,0.5922298,1
4,0,0.62851757,1
4,0,0.6400879,1
4,0,0.6222292,1
4,0,0.58999187,1
4,0,0.6212679,1
4,0,0.6146211,1
4,0,0.5874974,1
4,0,0.596907,1
4,0,0.63324785,1
4,0,0.59388536,1
4,0,0.5752671,1
4,0,0.6219682,1
4,0,0.6168983,1
4,0,0.57949734,1
4,0,0.6066878,1
4,0,0.6373917,1
4,0,0.6050116,1
4,0,0.5397978,1
4,0,0.60490334,1
4,0,0.62380534,1
4,0,0.58386546,1
4,0,0.5841833,1
4,0,0.629536,1
4,0,0.6019722,1
4,0,0.5494217,1
4,0,0.6148319,1
4,0,0.60606825,1
4,0,0.56123275,1
4,0,0.5943483,1
4,0,0.6158584,1
4,0,0.5860642,1
4,0,0.5436476,1
4,0,0.59622943,1
4,0,0.61869454,1
4,0,0.57478476,1
4,0,0.5784029,1
4,0,0.6067446,1
4,0,0.6166931,1
4,0,0.5500576,1
4,0,0.5867805,1
4,0,0.5872486,1
4,0,0.5815437,1
4,0,0.57396495,1
4,0,0.5780253,1
4,0,0.5932261,1
4,0,0.5737165,1
4,0,0.60156995,1
4,0,0.560591,1
4,0,0.5671532,1
4,1,0.58387214,1
4,1,0.5960228,1
4,1,0.58093053,1
4,1,0.58176947,1
4,1,0.59887284,1
4,1,0.5944786,1
4,1,0.58189744,1
4,1,0.5639304,1
4,1,0.5634748,1
4,1,0.56917953,1
4,1,0.58342844,1
4,0,0.5863865,1
4,0,0.6005032,1
4,0,0.54952705,1
4,0,0.568466,1
4,0,0.5871942,1
4,0,0.585218,1
4,0,0.56324834,1
4,0,0.59837675,1
4,0,0.5743563,1
4,0,0.5764624,1
4,0,0.6016926,1
4,0,0.56809056,1
4,0,0.5811992,1
4,0,0.5299064,1
4,0,0.48850754,0
4,0,0.49580717,0
4,0,0.5305591,1
4,0,0.5244847,1
4,0,0.5162608,1
4,0,0.5212074,1
4,0,0.55181366,1
4,1,0.5975823,1
4,1,0.5727882,1
4,1,0.57539517,1
4,1,0.60253376,1
4,1,0.5772829,1
4,1,0.59326804,1
4,1,0.5689484,1
4,1,0.60016644,1
4,1,0.5442122,1
4,1,0.5245764,1
4,1,0.52623653,1
4,1,0.5467391,1
4,1,0.53385717,1
4,1,0.52702624,1
4,1,0.53911877,1
4,1,0.5116081,1
4,1,0.55348945,1
4,1,0.5832313,1
4,1,0.5564332,1
4,1,0.57389647,1
4,1,0.5822737,1
4,1,0.5800687,1
4,1,0.58461905,1
4,1,0.5869703,1
4,1,0.6051769,1
4,1,0.6108463,1
4,1,0.59356666,1
4,1,0.60279566,1
4,1,0.60243666,1
4,1,0.57627326,1
4,1,0.5785194,1
4,1,0.48798403,0
4,1,0.5456723,1
4,1,0.5172451,1
4,1,0.51458204,1
4,1,0.51343787,1
4,1,0.48713046,0
4,1,0.4782911,0
4,1,0.46826795,0
4,1,0.47367647,0
4,1,0.4897009,0
4,1,0.46558282,0
4,1,0.4880439,0
4,1,0.49904895,0
4,1,0.49930042,0
4,1,0.4973593,0
4,1,0.49602383,0
4,1,0.5107644,1
4,1,0.5556099,1
4,1,0.5656584,1
4,1,0.56051403,1
4,1,0.57802904,1
4,1,0.572041,1
4,1,0.5830222,1
4,1,0.56029254,1
4,1,0.58130866,1
4,1,0.60379237,1
4,1,0.58195,1
4,1,0.61339945,1
4,1,0.5637428,1
4,1,0.59797937,1
4,1,0.577809,1
4,1,0.6106521,1
4,1,0.58667076,1
4,1,0.5980936,1
4,1,0.6016931,1
4,1,0.5850895,1
4,1,0.58945155,1
4,1,0.57164973,1
4,1,0.58080775,1
4,1,0.58453566,1
4,1,0.5680313,1
4,1,0.5549015,1
4,1,0.57615113,1
4,1,0.576546,1
4,1,0.56358,1
4,1,0.5612388,1
4,1,0.56365865,1
4,1,0.5630341,1
4,1,0.5558267,1
4,1,0.5439939,1
4,1,0.5758016,1
4,1,0.5538366,1
4,1,0.5463546,1
4,1,0.5635833,1
4,1,0.55930865,1
4,1,0.55455405,1
4,0,0.59696436,1
4,0,0.64197224,1
4,0,0.59538347,1
4,0,0.6184029,1
4,0,0.6070031,1
4,0,0.6170296,1
4,0,0.55625844,1
4,0,0.6095464,1
4,0,0.5496154,1
4,0,0.6060448,1
4,0,0.5620732,1
4,0,0.61123556,1
4,0,0.6269079,1
4,0,0.5955617,1
4,0,0.59093547,1
4,0,0.56525743,1
4,0,0.625507,1
4,0,0.63500893,1
4,0,0.64398676,1
4,0,0.6508776,1
4,0,0.6226226,1
4,0,0.621064,1
4,0,0.6137529,1
4,0,0.6308852,1
4,0,0.6295601,1
4,0,0.6263946,1
4,0,0.6310407,1
4,0,0.6172185,1
4,0,0.6056186,1
4,0,0.6313243,1
4,0,0.55180246,1
4,0,0.61176085,1
4,0,0.6495741,1
4,0,0.6134821,1
4,0,0.63065225,1
4,0,0.6403662,1
4,0,0.6221416,1
4,0,0.6384275,1
4,0,0.58474743,1
4,0,0.62418634,1
4,0,0.6214535,1
4,0,0.62886673,1
4,0,0.6221731,1
4,0,0.61001235,1
4,0,0.62243783,1
4,0,0.6252699,1
4,0,0.62341076,1
4,0,0.5939335,1
4,0,0.61546487,1
4,0,0.59723365,1
4,0,0.6236437,1
4,0,0.57071704,1
4,0,0.61193675,1
4,0,0.5848519,1
4,0,0.6332778,1
4,0,0.57060784,1
4,0,0.63820225,1
4,0,0.6268719,1
4,0,0.566657,1
4,0,0.60571486,1
4,0,0.6448442,1
4,0,0.6067258,1
4,0,0.59621537,1
4,0,0.5290063,1
4,0,0.5616745,1
4,0,0.5346605,1
4,0,0.5995106,1
4,0,0.5966256,1
4,0,0.641519,1
4,0,0.62502253,1
4,0,0.6510676,1
4,0,0.6429965,1
4,0,0.65285915,1
4,0,0.6185852,1
4,0,0.6054825,1
4,0,0.63729507,1
4,0,0.61251485,1
4,0,0.62658936,1
4,0,0.6447042,1
4,0,0.62223524,1
4,0,0.61874306,1
4,0,0.6484886,1
4,0,0.6411626,1
4,0,0.6089402,1
4,0,0.6298726,1
4,0,0.64151007,1
4,0,0.63586444,1
4,0,0.6220452,1
4,0,0.57203937,1
4,0,0.5992899,1
4,0,0.5944127,1
4,0,0.59061015,1
4,0,0.5590244,1
4,0,0.5859612,1
4,0,0.5535472,1
4,0,0.5447052,1
4,0,0.54367185,1
4,0,0.56902474,1
4,0,0.5932268,1
4,0,0.59770465,1
4,0,0.5885483,1
4,0,0.6188794,1
4,1,0.5848865,1
4,1,0.5867485,1
4,1,0.5863593,1
4,1,0.55564964,1
4,1,0.6243224,1
4,1,0.5412771,1
4,1,0.60859877,1
4,1,0.60727376,1
4,1,0.57948786,1
4,1,0.5965647,1
4,1,0.627226,1
4,1,0.58542895,1
4,1,0.61489177,1
4,1,0.60686207,1
4,1,0.61922055,1
4,1,0.5834824,1
4,1,0.59824383,1
4,1,0.5747768,1
4,0,0.6114354,1
4,0,0.59973097,1
4,0,0.6294358,1
4,0,0.63729805,1
4,0,0.65474224,1
4,0,0.6066931,1
4,0,0.61182606,1
4,0,0.5631652,1
4,0,0.60474473,1
4,0,0.57000023,1
4,0,0.62306386,1
4,0,0.544454,1
4,0,0.60100585,1
4,0,0.55305636,1
4,0,0.532419,1
4,0,0.5277133,1
4,0,0.5774807,1
4,0,0.56442446,1
4,0,0.56287956,1
4,0,0.60176903,1
4,0,0.58859414,1
4,0,0.5907176,1
4,0,0.58675945,1
4,0,0.59688926,1
4,0,0.57841146,1
4,0,0.5980548,1
4,0,0.59504247,1
4,0,0.60064054,1
4,0,0.54961497,1
4,0,0.64786494,1
4,0,0.61513823,1
4,0,0.64037025,1
4,0,0.55449134,1
4,0,0.59323055,1
4,0,0.5380012,1
4,0,0.57106817,1
4,1,0.566172,1
4,1,0.5810521,1
4,1,0.57728356,1
4,1,0.5935098,1
4,1,0.5731997,1
4,1,0.5412949,1
4,1,0.55224425,1
4,1,0.55686754,1
4,1,0.5832234,1
4,1,0.5591613,1
4,1,0.56566346,1
4,1,0.5877472,1
4,1,0.57890826,1
4,1,0.5238459,1
4,1,0.5160206,1
4,1,0.559868,1
4,1,0.55493945,1
4,1,0.58342224,1
4,1,0.54775286,1
4,1,0.54548585,1
4,1,0.5664279,1
4,1,0.5857601,1
4,1,0.5656455,1
4,1,0.57249343,1
4,1,0.5753262,1
4,1,0.5795488,1
4,1,0.55912226,1
4,1,0.5598227,1
4,1,0.5715969,1
4,1,0.5664097,1
4,1,0.5380205,1
4,1,0.57505715,1
4,1,0.5959479,1
4,1,0.6032338,1
4,1,0.5924475,1
4,1,0.60803443,1
4,1,0.6076753,1
4,1,0.5688596,1
4,1,0.57961595,1
4,1,0.5376757,1
4,1,0.62086153,1
4,1,0.6297177,1
4,1,0.6218995,1
4,1,0.62923676,1
4,1,0.62861425,1
4,1,0.63309646,1
4,1,0.6319504,1
4,1,0.64649314,1
4,0,0.61962736,1
4,0,0.61435467,1
4,0,0.6309783,1
4,0,0.63026536,1
4,0,0.65125304,1
4,0,0.6271221,1
4,0,0.6249207,1
4,0,0.6086637,1
4,0,0.5405252,1
4,0,0.5824068,1
4,0,0.557496,1
4,0,0.62175757,1
4,0,0.6128728,1
4,0,0.64512676,1
4,0,0.5625854,1
4,0,0.60615927,1
4,0,0.55929065,1
4,0,0.5248082,1
4,0,0.57092303,1
4,0,0.5579422,1
4,0,0.558515,1
4,0,0.58765846,1
4,0,0.597363,1
4,0,0.6043862,1
4,0,0.6032148,1
4,0,0.5894866,1
4,0,0.57330084,1
4,0,0.6035318,1
4,0,0.6231557,1
4,0,0.590735,1
4,0,0.6257695,1
4,0,0.5662714,1
4,0,0.59048563,1
4,0,0.57624847,1
4,0,0.60195154,1
4,0,0.48430482,0
4,0,0.5858566,1
4,0,0.52276003,1
4,0,0.6434207,1
4,0,0.6419768,1
4,0,0.6148427,1
4,0,0.609644,1
4,0,0.58469546,1
4,0,0.5784506,1
4,0,0.56523985,1
4,0,0.56740046,1
4,0,0.57682204,1
4,0,0.55671465,1
4,0,0.5226252,1
4,0,0.53471357,1
4,0,0.56876075,1
4,0,0.5798166,1
4,0,0.55248946,1
4,0,0.54201055,1
4,0,0.5064356,1
4,0,0.5193597,1
4,0,0.5830706,1
4,0,0.63262457,1
4,0,0.6529002,1
4,0,0.61639345,1
4,0,0.56525254,1
4,0,0.5994736,1
4,0,0.6269744,1
4,0,0.63129246,1
4,0,0.54818547,1
4,0,0.609348,1
4,0,0.6175557,1
4,0,0.5713715,1
4,0,0.5477279,1
4,0,0.606996,1
4,0,0.5938379,1
4,0,0.6283151,1
4,0,0.6110871,1
4,0,0.633634,1
4,0,0.64481586,1
4,0,0.56589633,1
4,0,0.61401474,1
4,0,0.6508306,1
4,0,0.6170192,1
4,0,0.5163166,1
4,0,0.5817557,1
4,0,0.6464163,1
4,0,0.5120953,1
4,0,0.54514205,1
4,0,0.6338629,1
4,0,0.60967344,1
4,0,0.5023895,1
4,0,0.5508953,1
4,0,0.6227448,1
4,0,0.5943233,1
4,0,0.5665765,1
4,0,0.55936384,1
4,0,0.5456601,1
4,0,0.51896787,1
4,0,0.5101802,1
4,0,0.5212756,1
4,0,0.55593634,1
4,0,0.55974025,1
4,0,0.5591162,1
4,0,0.56437606,1
4,0,0.5793227,1
4,0,0.5650392,1
4,0,0.53098124,1
4,0,0.56128013,1
4,0,0.5701912,1
4,0,0.5999287,1
4,0,0.5911476,1
4,0,0.59725916,1
4,0,0.6013984,1
4,0,0.5934015,1
4,0,0.5612117,1
4,0,0.6119734,1
4,0,0.5826212,1
4,0,0.6174905,1
4,0,0.5642792,1
4,0,0.618734,1
4,0,0.59148026,1
4,0,0.6074865,1
4,0,0.596379,1
4,0,0.58594126,1
4,0,0.59555924,1
4,0,0.57674044,1
4,0,0.5738843,1
4,0,0.5846141,1
4,0,0.5863727,1
4,0,0.55802953,1
4,0,0.5982777,1
4,0,0.565692,1
4,0,0.5621777,1
4,0,0.5884192,1
4,0,0.6062384,1
4,0,0.59751064,1
4,1,0.61095154,1
4,1,0.6201753,1
4,1,0.60807806,1
4,1,0.6152198,1
4,1,0.6307404,1
4,1,0.6333355,1
4,1,0.63347244,1
4,1,0.6223548,1
4,1,0.580162,1
4,1,0.63208514,1
4,1,0.65078497,1
4,0,0.6027905,1
4,0,0.5847784,1
4,0,0.65818876,1
4,0,0.6424497,1
4,0,0.6103959,1
4,0,0.57922196,1
4,0,0.66634184,1
4,0,0.6435631,1
4,0,0.6510224,1
4,0,0.62076247,1
4,0,0.62727064,1
4,0,0.6385761,1
4,0,0.63632977,1
4,0,0.60223395,1
4,1,0.62690383,1
4,1,0.6489894,1
4,1,0.6142025,1
4,1,0.60002,1
4,1,0.62301517,1
4,1,0.6559073,1
4,1,0.6014392,1
4,1,0.61635906,1
4,1,0.62813526,1
4,1,0.6153994,1
4,1,0.6193279,1
4,1,0.65146244,1
4,1,0.62901944,1
4,1,0.6536235,1
4,1,0.64214563,1
4,1,0.6384608,1
4,1,0.66407454,1
4,1,0.6478825,1
4,1,0.64988464,1
4,1,0.6287478,1
4,1,0.6121754,1
4,1,0.6520759,1
4,1,0.63556385,1
4,1,0.6270034,1
4,1,0.60017943,1
4,1,0.61631066,1
4,1,0.63381904,1
4,1,0.60081553,1
4,1,0.61250734,1
4,1,0.5244031,1
4,1,0.52786654,1
4,1,0.506186,1
4,1,0.5637862,1
4,1,0.5966516,1
4,1,0.54963464,1
4,1,0.57041734,1
4,1,0.48781264,0
4,1,0.55479234,1
4,1,0.5720658,1
4,1,0.5528712,1
4,1,0.5720274,1
4,1,0.5379635,1
4,1,0.5235519,1
4,1,0.51241547,1
4,1,0.5580958,1
4,1,0.60481197,1
4,1,0.5843754,1
4,1,0.56354177,1
4,1,0.54410017,1
4,1,0.54722214,1
4,1,0.51976275,1
4,1,0.5437477,1
4,1,0.5158453,1
4,1,0.5673319,1
4,1,0.51361024,1
4,1,0.560193,1
4,1,0.57771534,1
4,1,0.5477199,1
4,1,0.5761396,1
4,1,0.5591498,1
4,1,0.57848585,1
4,1,0.5446551,1
4,1,0.54835576,1
4,1,0.5232768,1
4,1,0.53295696,1
4,1,0.5606375,1
4,1,0.5723498,1
4,1,0.5445069,1
4,1,0.55456537,1
4,1,0.53842956,1
4,1,0.5607071,1
4,1,0.52044934,1
4,1,0.56479156,1
4,1,0.51213527,1
4,1,0.5303726,1
4,1,0.5097012,1
4,1,0.51465195,1
4,1,0.58703595,1
4,1,0.5313395,1
4,1,0.48371828,0
4,1,0.51922834,1
4,1,0.52027524,1
4,1,0.46674302,0
4,1,0.4723361,0
4,1,0.5583234,1
4,1,0.49207824,0
4,1,0.46501043,0
4,1,0.4484482,0
4,1,0.5706467,1
4,1,0.5157749,1
4,1,0.584614,1
4,1,0.5513851,1
4,1,0.6115525,1
4,1,0.5890628,1
4,1,0.60910964,1
4,1,0.59711957,1
4,1,0.58335716,1
4,1,0.56179804,1
4,1,0.50253004,1
4,1,0.514002,1
4,1,0.5255474,1
4,1,0.52973104,1
4,1,0.51116586,1
4,1,0.49976978,0
4,1,0.5486908,1
4,1,0.55193067,1
4,1,0.6035301,1
4,1,0.57843465,1
4,1,0.61437565,1
4,1,0.61882085,1
4,1,0.5883617,1
4,1,0.5464332,1
4,1,0.6094356,1
4,1,0.5751483,1
4,1,0.56389976,1
4,1,0.56506675,1
4,1,0.6170738,1
4,0,0.5108786,1
4,0,0.53266776,1
4,0,0.537222,1
4,0,0.5298398,1
4,0,0.52685684,1
4,0,0.55002415,1
4,0,0.5195676,1
4,0,0.5539325,1
4,0,0.55783445,1
4,0,0.53436315,1
4,0,0.55757725,1
4,0,0.5812659,1
4,0,0.56984156,1
4,1,0.48887017,0
4,1,0.46772322,0
4,1,0.5231022,1
4,1,0.52176255,1
4,1,0.5680506,1
4,1,0.5769285,1
4,1,0.4927268,0
4,1,0.45333612,0
4,1,0.50219893,1
4,1,0.49308693,0
4,1,0.5650209,1
4,1,0.5766094,1
4,1,0.54088223,1
4,1,0.5535765,1
4,1,0.526479,1
4,1,0.526436,1
4,1,0.5795599,1
4,1,0.52703,1
4,1,0.5128275,1
4,1,0.56122166,1
4,1,0.5895521,1
4,1,0.54601103,1
4,1,0.6071934,1
4,1,0.5739099,1
4,1,0.5622756,1
4,1,0.56446326,1
4,1,0.6147627,1
4,1,0.61767113,1
4,1,0.56970024,1
4,1,0.5779533,1
4,1,0.63198507,1
4,1,0.59034663,1
4,1,0.57356215,1
4,1,0.6284915,1
4,1,0.5863895,1
4,1,0.6020989,1
4,1,0.5751245,1
4,1,0.56496227,1
4,1,0.57816,1
4,1,0.55885834,1
4,1,0.5800995,1
4,1,0.56732255,1
4,1,0.56705415,1
4,1,0.6078003,1
4,0,0.56311876,1
4,0,0.569197,1
4,0,0.51747745,1
4,0,0.5483849,1
4,0,0.55636615,1
4,0,0.5254507,1
4,0,0.5236885,1
4,0,0.5393419,1
4,0,0.5517122,1
4,0,0.52963877,1
4,0,0.52737564,1
4,0,0.53287846,1
4,0,0.5217462,1
4,0,0.46242264,0
4,0,0.4753603,0
4,1,0.5274792,1
4,1,0.5172073,1
4,1,0.46527672,0
4,1,0.5053607,1
4,1,0.5768479,1
4,1,0.48892826,0
4,1,0.46256828,0
4,1,0.5741337,1
4,1,0.50726503,1
4,1,0.5553903,1
4,1,0.54663724,1
4,1,0.5611882,1
4,1,0.5762511,1
4,1,0.4841909,0
4,1,0.5397587,1
4,1,0.5515172,1
4,1,0.5290866,1
4,1,0.49646163,0
4,1,0.5604513,1
4,1,0.5313098,1
4,1,0.542462,1
4,1,0.509585,1
4,1,0.51127553,1
4,1,0.53410625,1
4,1,0.5168724,1
4,1,0.51477987,1
4,1,0.5517948,1
4,1,0.55613863,1
4,1,0.50989777,1
4,1,0.54787636,1
4,0,0.55890584,1
4,0,0.50040424,1
4,0,0.5286661,1
4,0,0.49345925,0
4,0,0.49471363,0
4,0,0.5078519,1
4,0,0.51570064,1
4,0,0.5177179,1
4,0,0.5423436,1
4,0,0.54262596,1
4,0,0.51564467,1
4,0,0.5375888,1
4,0,0.53054917,1
5,1,0.47767994,0
5,1,0.5025461,1
5,1,0.48999378,0
5,1,0.51122755,1
5,1,0.50142485,1
5,1,0.5069286,1
5,1,0.49874023,0
5,1,0.48461443,0
5,1,0.50443196,1
5,1,0.5125628,1
5,1,0.48141858,0
5,1,0.4923073,0
5,1,0.50617534,1
5,1,0.5086681,1
5,1,0.50440633,1
5,1,0.50646365,1
5,1,0.5203488,1
5,1,0.53004485,1
5,1,0.540697,1
5,1,0.5298792,1
5,1,0.55675656,1
5,1,0.5232954,1
5,1,0.5355296,1
5,1,0.5560964,1
5,1,0.53904545,1
5,1,0.5491732,1
5,1,0.5354271,1
5,1,0.5305979,1
5,1,0.55682397,1
5,1,0.52843976,1
5,1,0.5319712,1
5,1,0.5143432,1
5,1,0.5444632,1
5,1,0.47049308,0
5,1,0.5042706,1
5,1,0.49078476,0
5,1,0.49541423,0
5,1,0.50606173,1
5,1,0.51241297,1
5,1,0.5103564,1
5,1,0.5023106,1
5,1,0.51108277,1
5,1,0.4997642,0
5,1,0.51297724,1
5,1,0.5009684,1
5,1,0.48427153,0
5,1,0.48744163,0
5,1,0.5003206,1
5,1,0.50886,1
5,1,0.50303835,1
5,1,0.5259089,1
5,1,0.5155622,1
5,1,0.49906954,0
5,1,0.5121041,1
5,1,0.4883401,0
5,1,0.5224179,1
5,1,0.49507734,0
5,1,0.49720302,0
5,1,0.48277614,0
5,1,0.50533104,1
5,1,0.50992066,1
5,1,0.50839204,1
5,1,0.5032287,1
5,1,0.5152859,1
5,1,0.49241003,0
5,1,0.5369196,1
5,1,0.50171345,1
5,1,0.44839975,0
5,1,0.50578797,1
5,1,0.49116638,0
5,1,0.51858413,1
5,1,0.5136854,1
5,1,0.56901956,1
5,1,0.5669702,1
5,1,0.51906204,1
5,1,0.56525856,1
5,1,0.49039143,0
5,0,0.5702326,1
5,0,0.5660888,1
5,0,0.56447375,1
5,0,0.5705806,1
5,0,0.55019057,1
5,0,0.5571632,1
5,0,0.5507887,1
5,0,0.56670696,1
5,0,0.5606452,1
5,0,0.54770935,1
5,0,0.5622726,1
5,0,0.5644162,1
5,0,0.5528761,1
5,0,0.5802366,1
5,0,0.5799723,1
5,0,0.58097434,1
5,0,0.5610777,1
5,0,0.55397147,1
5,0,0.56633353,1
5,0,0.586248,1
5,0,0.56468594,1
5,0,0.56569284,1
5,0,0.58807164,1
5,0,0.564526,1
5,0,0.5545714,1
5,0,0.55527776,1
5,0,0.54705733,1
5,0,0.56673205,1
5,0,0.5490546,1
5,0,0.5749447,1
5,0,0.58007616,1
5,0,0.5543886,1
5,0,0.5427751,1
5,0,0.53842187,1
5,0,0.573526,1
5,0,0.52912223,1
5,0,0.5349772,1
5,0,0.5779003,1
5,0,0.5729989,1
5,0,0.5792275,1
5,0,0.5689798,1
5,0,0.55660826,1
5,0,0.5655265,1
5,0,0.5541199,1
5,0,0.5575762,1
5,0,0.5737434,1
5,0,0.5577429,1
5,0,0.56597394,1
5,0,0.58476436,1
5,0,0.55906653,1
5,0,0.51699394,1
5,0,0.56393194,1
5,0,0.52915454,1
5,0,0.5594811,1
5,0,0.5418893,1
5,0,0.5766153,1
5,0,0.5829774,1
5,0,0.5813474,1
5,0,0.58969074,1
5,0,0.533429,1
5,0,0.51636624,1
5,0,0.5818159,1
5,0,0.55976784,1
5,0,0.5806885,1
5,0,0.575139,1
5,0,0.5546558,1
5,0,0.54700303,1
5,0,0.5497014,1
5,0,0.56282634,1
5,0,0.5676812,1
5,0,0.5867614,1
5,0,0.5958148,1
5,0,0.59329665,1
5,0,0.59576124,1
5,0,0.566187,1
5,0,0.5396095,1
5,0,0.5555824,1
5,0,0.56450766,1
5,0,0.5645604,1
5,0,0.5559218,1
5,0,0.5656453,1
5,0,0.56208754,1
5,0,0.5614828,1
5,0,0.5498226,1
5,0,0.5726026,1
5,1,0.51756406,1
5,1,0.5248359,1
5,1,0.5072472,1
5,1,0.50568205,1
5,1,0.5221869,1
5,1,0.49830458,0
5,1,0.49144676,0
5,1,0.51038885,1
5,1,0.5097754,1
5,1,0.50249785,1
5,1,0.5004412,1
5,1,0.49828398,0
5,1,0.5054686,1
5,1,0.52037907,1
5,1,0.4994238,0
5,1,0.49981305,0
5,1,0.5044152,1
5,1,0.506647,1
5,1,0.48382285,0
5,1,0.51340985,1
5,1,0.52016705,1
5,1,0.49941957,0
5,1,0.4966746,0
5,1,0.4705388,0
5,1,0.47137785,0
5,1,0.4945192,0
5,1,0.48979583,0
5,1,0.49485615,0
5,1,0.5038167,1
5,1,0.49987888,0
5,1,0.49350944,0
5,1,0.48680696,0
5,1,0.48841763,0
5,1,0.49544573,0
5,1,0.49190935,0
5,1,0.49439663,0
5,1,0.4895918,0
5,1,0.50504184,1
5,1,0.48497412,0
5,1,0.5134491,1
5,1,0.50424933,1
5,1,0.49618712,0
5,1,0.53056765,1
5,1,0.50838715,1
5,1,0.5143592,1
5,1,0.49578717,0
5,1,0.4858533,0
5,1,0.50017333,1
5,1,0.5219445,1
5,1,0.50428337,1
5,1,0.48699754,0
5,1,0.5144432,1
5,1,0.52240795,1
5,1,0.5076509,1
5,1,0.5080395,1
5,1,0.5052183,1
5,1,0.49961093,0
5,1,0.47640985,0
5,1,0.49529517,0
5,1,0.5128411,1
5,1,0.4890671,0
5,1,0.48519343,0
5,1,0.49951258,0
5,1,0.48765936,0
5,1,0.48557934,0
5,1,0.4973604,0
5,1,0.48383224,0
5,1,0.5176984,1
5,1,0.48632985,0
5,1,0.50387096,1
5,1,0.49042067,0
5,1,0.5165532,1
5,1,0.5131018,1
5,1,0.49993342,0
5,1,0.50435156,1
5,1,0.52466315,1
5,1,0.48655313,0
5,1,0.5056919,1
5,1,0.4814989,0
5,1,0.507997,1
5,1,0.4877533,0
5,1,0.49628967,0
5,1,0.47896916,0
5,1,0.5031959,1
5,1,0.50610197,1
5,1,0.49682742,0
5,1,0.4910256,0
5,1,0.5067989,1
5,1,0.51346856,1
5,1,0.4976705,0
5,1,0.5046421,1
5,1,0.47402543,0
5,1,0.5041299,1
5,1,0.4953189,0
5,1,0.48702905,0
5,1,0.47401884,0
5,1,0.50641376,1
5,1,0.5069958,1
5,1,0.51258135,1
5,1,0.5060886,1
5,1,0.50083506,1
5,1,0.5137137,1
5,1,0.48347062,0
5,1,0.48712656,0
5,1,0.49498147,0
5,1,0.5676199,1
5,1,0.568303,1
5,1,0.52560174,1
5,1,0.5172939,1
5,1,0.5475287,1
5,1,0.55778867,1
5,1,0.5485632,1
5,1,0.5492666,1
5,1,0.5686434,1
5,1,0.5475719,1
5,1,0.5236213,1
5,1,0.5048822,1
5,1,0.503218,1
5,1,0.51728606,1
5,1,0.5517519,1
5,1,0.5213478,1
5,1,0.52744305,1
5,0,0.50849694,1
5,0,0.56171066,1
5,0,0.4896755,0
5,0,0.4994952,0
5,0,0.557801,1
5,0,0.51796883,1
5,0,0.51892686,1
5,0,0.5277672,1
5,0,0.5321722,1
5,0,0.5554857,1
5,0,0.54900587,1
5,0,0.5611216,1
5,0,0.5449763,1
5,0,0.56516975,1
5,0,0.54795617,1
5,0,0.5411178,1
5,0,0.54293376,1
5,0,0.5396356,1
5,0,0.5280583,1
5,0,0.5444899,1
5,0,0.51791865,1
5,0,0.5132249,1
5,0,0.49056908,0
5,0,0.51496047,1
5,0,0.5189265,1
5,0,0.5245325,1
5,1,0.51472247,1
5,1,0.5175411,1
5,1,0.5222407,1
5,1,0.52961975,1
5,1,0.5147937,1
5,1,0.52896786,1
5,1,0.5317544,1
5,1,0.5213155,1
5,1,0.5383135,1
5,1,0.533135,1
5,1,0.5436867,1
5,1,0.5356474,1
5,1,0.54555446,1
5,1,0.5095528,1
5,1,0.53931504,1
5,1,0.5224733,1
5,1,0.52078176,1
5,1,0.5571679,1
5,1,0.52103394,1
5,1,0.5020743,1
5,1,0.5487034,1
5,1,0.5496032,1
5,1,0.5544249,1
5,1,0.5402228,1
5,1,0.53841656,1
5,1,0.546422,1
5,1,0.53631985,1
5,1,0.5306242,1
5,1,0.51314175,1
5,1,0.5255389,1
5,1,0.5292947,1
5,1,0.5401498,1
5,1,0.53579265,1
5,1,0.538667,1
5,1,0.54210806,1
5,1,0.5428363,1
5,1,0.51642007,1
5,1,0.5429801,1
5,1,0.549668,1
5,1,0.5372507,1
5,1,0.55720973,1
5,1,0.55863905,1
5,1,0.5489916,1
5,0,0.543336,1
5,0,0.54419017,1
5,0,0.554324,1
5,0,0.5380256,1
5,0,0.54832745,1
5,0,0.54340416,1
5,0,0.5341735,1
5,0,0.520831,1
5,0,0.55603004,1
5,0,0.53186876,1
5,0,0.54305,1
5,0,0.5466035,1
5,0,0.5487031,1
5,0,0.5522887,1
5,0,0.5394844,1
5,0,0.5674917,1
5,0,0.5489197,1
5,0,0.5445945,1
5,0,0.55476016,1
5,0,0.54122293,1
5,0,0.54970175,1
5,0,0.53741735,1
5,0,0.51712775,1
5,0,0.5373466,1
5,0,0.53094363,1
5,1,0.51590025,1
5,1,0.54021686,1
5,1,0.543947,1
5,1,0.5331045,1
5,1,0.54241943,1
5,1,0.55297136,1
5,1,0.54338896,1
5,1,0.5302658,1
5,1,0.5391687,1
5,1,0.525691,1
5,1,0.53735393,1
5,1,0.53188026,1
5,1,0.5422885,1
5,1,0.53678423,1
5,1,0.534635,1
5,1,0.5441157,1
5,1,0.55436784,1
5,1,0.5209387,1
5,0,0.57736206,1
5,0,0.54036087,1
5,0,0.5874843,1
5,0,0.54677486,1
5,0,0.55126107,1
5,0,0.539629,1
5,0,0.5144014,1
5,0,0.5443793,1
5,0,0.5226532,1
5,0,0.497385,0
5,0,0.49968877,0
5,0,0.48184913,0
5,0,0.47731718,0
5,0,0.4861257,0
5,0,0.47305435,0
5,0,0.5099347,1
5,0,0.47660422,0
5,0,0.51912826,1
5,0,0.49568924,0
5,0,0.5047425,1
5,0,0.49966398,0
5,0,0.4722819,0
5,0,0.4850878,0
5,0,0.48469162,0
5,0,0.48272946,0
5,0,0.47472188,0
5,0,0.462506,0
5,0,0.4683075,0
5,0,0.46975857,0
5,0,0.48803452,0
5,0,0.48163918,0
5,0,0.5062766,1
5,0,0.5023939,1
5,0,0.53224427,1
5,0,0.50734866,1
5,0,0.509333,1
5,0,0.51279086,1
5,0,0.52040404,1
5,0,0.52213174,1
5,0,0.49352583,0
5,0,0.48926526,0
5,0,0.5115252,1
5,0,0.5125618,1
5,0,0.50345063,1
5,0,0.51317155,1
5,0,0.49724564,0
5,0,0.45816422,0
5,0,0.4466534,0
5,0,0.48976618,0
5,0,0.49443817,0
5,0,0.48045334,0
5,0,0.48461506,0
5,0,0.49268425,0
5,0,0.5312849,1
5,0,0.5277608,1
5,0,0.5098351,1
5,0,0.5340191,1
5,0,0.5064129,1
5,0,0.4924303,0
5,0,0.4878858,0
5,0,0.47574243,0
5,0,0.49062818,0
5,0,0.48454216,0
5,0,0.4678921,0
5,0,0.46052486,0
5,0,0.4757499,0
5,0,0.48969248,0
5,0,0.48086363,0
5,0,0.50259125,1
5,0,0.47627753,0
5,0,0.49900746,0
5,0,0.49883455,0
5,0,0.48730427,0
5,0,0.4962688,0
5,0,0.520124,1
5,0,0.53583026,1
5,0,0.5344131,1
5,0,0.52239543,1
5,0,0.5124627,1
5,0,0.5038345,1
5,0,0.50549084,1
5,0,0.48827583,0
5,0,0.48194343,0
5,0,0.4800258,0
5,0,0.46234092,0
5,0,0.493884,0
5,0,0.5005032,1
5,0,0.4869731,0
5,0,0.5071904,1
5,0,0.5311438,1
5,0,0.49610934,0
5,0,0.49448535,0
5,0,0.52526176,1
5,0,0.51390827,1
5,0,0.520033,1
5,0,0.5277119,1
5,0,0.53717583,1
5,0,0.5412774,1
5,0,0.56330305,1
5,0,0.55214584,1
5,0,0.5463044,1
5,0,0.5082829,1
5,0,0.529905,1
5,0,0.5298023,1
5,0,0.52628934,1
5,0,0.49014342,0
5,0,0.49694428,0
5,0,0.5224782,1
5,0,0.46799394,0
5,0,0.49301222,0
5,0,0.52788025,1
5,0,0.5136654,1
5,0,0.5096378,1
5,0,0.50072014,1
5,0,0.51436967,1
5,0,0.50463057,1
5,0,0.5364912,1
5,0,0.5509736,1
5,0,0.52663517,1
5,0,0.51620454,1
5,0,0.53146213,1
5,0,0.5014422,1
5,0,0.5218792,1
5,0,0.48452622,0
5,0,0.5191304,1
5,0,0.503166,1
5,0,0.5262169,1
5,0,0.50574857,1
5,0,0.4774062,0
5,0,0.5079511,1
5,0,0.5440848,1
5,0,0.5031099,1
5,0,0.5032036,1
5,0,0.5041748,1
5,0,0.5338515,1
5,0,0.52192825,1
5,0,0.53886825,1
5,0,0.5215567,1
5,0,0.52383757,1
5,0,0.53957933,1
5,0,0.5373527,1
5,0,0.4983822,0
5,0,0.52741134,1
5,0,0.51140094,1
5,0,0.5489291,1
5,0,0.5322452,1
5,0,0.5328044,1
5,0,0.48245457,0
5,0,0.50857633,1
5,0,0.508682,1
5,0,0.49537262,0
5,0,0.5613496,1
5,0,0.5324008,1
5,0,0.5267695,1
5,0,0.53771883,1
5,0,0.47386965,0
5,0,0.48656327,0
5,0,0.46905726,0
5,0,0.49840313,0
5,0,0.4930171,0
5,0,0.5078222,1
5,0,0.5425957,1
5,0,0.5051841,1
5,0,0.5476575,1
5,0,0.54282326,1
5,0,0.5188272,1
5,0,0.48679143,0
5,0,0.51822275,1
5,0,0.5190063,1
5,0,0.51382565,1
5,0,0.523527,1
5,0,0.5125064,1
5,0,0.50598943,1
5,0,0.5110792,1
5,0,0.50258887,1
5,1,0.5052165,1
5,1,0.53141564,1
5,1,0.5009092,1
5,1,0.5253795,1
5,1,0.5050805,1
5,1,0.51341575,1
5,1,0.5103024,1
5,1,0.5082875,1
5,1,0.50528955,1
5,1,0.5026643,1
5,1,0.5158673,1
5,1,0.50839907,1
5,1,0.5081034,1
5,1,0.513694,1
5,1,0.50150466,1
5,1,0.51942354,1
5,1,0.5032667,1
5,1,0.45980304,0
5,1,0.47690314,0
5,1,0.47626242,0
5,1,0.49204224,0
5,1,0.48125175,0
5,1,0.5046503,1
5,1,0.4846621,0
5,1,0.48302734,0
5,1,0.48853123,0
5,1,0.46874365,0
5,1,0.47904563,0
5,1,0.48690283,0
5,1,0.46675342,0
5,1,0.49532527,0
5,1,0.48796603,0
5,1,0.47362396,0
5,1,0.49398506,0
5,1,0.48748907,0
5,1,0.48019066,0
5,1,0.48439956,0
5,1,0.47550347,0
5,1,0.479351,0
5,1,0.473172,0
5,1,0.46329054,0
5,1,0.45793292,0
5,1,0.4645864,0
5,1,0.4852306,0
5,1,0.45788112,0
5,1,0.4831137,0
5,1,0.4782166,0
5,1,0.4809752,0
5,1,0.4557148,0
5,1,0.47096422,0
5,1,0.48020843,0
5,1,0.48223266,0
5,1,0.4657777,0
5,1,0.47139397,0
5,1,0.4680329,0
5,1,0.48287997,0
5,1,0.45416832,0
5,1,0.47007945,0
5,1,0.46686465,0
5,1,0.47446612,0
5,1,0.46600196,0
5,1,0.47914732,0
5,1,0.4718095,0
5,1,0.4848239,0
5,1,0.47385916,0
5,1,0.48120195,0
5,1,0.4601336,0
5,1,0.46476632,0
5,1,0.47684205,0
5,1,0.4715177,0
5,1,0.470412,0
5,1,0.46829593,0
5,1,0.46901405,0
5,1,0.46145457,0
5,1,0.4773471,0
5,1,0.460988,0
5,1,0.47230348,0
5,1,0.4815227,0
5,1,0.4676675,0
5,1,0.47075146,0
5,1,0.48373002,0
5,1,0.46574324,0
5,1,0.45883492,0
5,1,0.45746082,0
5,1,0.45486405,0
5,1,0.47145805,0
5,1,0.48731267,0
5,1,0.45850134,0
5,1,0.4808329,0
5,1,0.47435778,0
5,1,0.48488575,0
5,1,0.48797485,0
5,1,0.469176,0
5,1,0.4727367,0
5,1,0.4710475,0
5,1,0.49247047,0
5,1,0.46854776,0
5,1,0.48840934,0
5,1,0.46422195,0
5,1,0.47730827,0
5,1,0.4882744,0
5,1,0.4787487,0
5,1,0.4658039,0
5,1,0.4695436,0
5,1,0.4658903,0
5,1,0.4812083,0
5,1,0.45529953,0
5,1,0.4741655,0
5,1,0.47769383,0
5,1,0.4620386,0
5,1,0.46048796,0
5,1,0.47502083,0
5,1,0.49102312,0
5,1,0.45816916,0
5,1,0.46131554,0
5,1,0.47506025,0
5,1,0.4593591,0
5,1,0.4838696,0
5,1,0.4806084,0
5,1,0.503442,1
5,1,0.48239163,0
5,1,0.470215,0
5,1,0.46326327,0
5,1,0.46531242,0
5,1,0.47801104,0
5,1,0.4721177,0
5,1,0.4611482,0
5,1,0.47561717,0
5,1,0.4725994,0
5,1,0.48929158,0
5,1,0.46454382,0
5,1,0.4963377,0
5,1,0.46273637,0
5,1,0.47842923,0
5,1,0.48974884,0
5,1,0.46503758,0
5,1,0.47490072,0
5,1,0.5053934,1
5,1,0.49017543,0
5,1,0.490752,0
5,1,0.52128565,1
5,1,0.47453156,0
5,1,0.51645863,1
5,1,0.51694703,1
5,1,0.48990428,0
5,1,0.48355865,0
5,1,0.49631003,0
5,1,0.4868383,0
5,1,0.48264286,0
5,1,0.5064461,1
5,1,0.49174082,0
5,1,0.48385987,0
5,1,0.5116169,1
5,1,0.5017321,1
5,1,0.5011851,1
5,1,0.5064359,1
5,1,0.5198504,1
5,1,0.51641315,1
5,1,0.5394714,1
5,1,0.53700274,1
5,1,0.5173558,1
5,1,0.5275694,1
5,1,0.5104244,1
5,1,0.50189996,1
5,1,0.50120634,1
5,1,0.49937418,0
5,1,0.5568885,1
5,1,0.52954906,1
5,1,0.52619535,1
5,1,0.49224997,0
5,1,0.5027221,1
5,1,0.49732798,0
5,1,0.51344895,1
5,1,0.54285926,1
5,1,0.5019597,1
5,1,0.5410515,1
5,1,0.47690678,0
5,1,0.54020983,1
5,1,0.50310785,1
5,1,0.51798874,1
5,1,0.5076342,1
5,1,0.517253,1
5,1,0.52464193,1
5,1,0.51961964,1
5,1,0.54309165,1
5,1,0.52881724,1
5,1,0.5319999,1
5,1,0.5500559,1
5,1,0.53926295,1
5,1,0.5525902,1
5,1,0.57292295,1
5,1,0.56689155,1
5,1,0.5813928,1
5,1,0.5785752,1
5,1,0.56067646,1
5,1,0.568367,1
5,1,0.5845863,1
5,1,0.56661576,1
5,1,0.5818523,1
5,1,0.56234515,1
5,1,0.571845,1
5,1,0.5824763,1
5,1,0.5598297,1
5,1,0.58223826,1
5,1,0.54669356,1
5,1,0.56578004,1
5,1,0.5634815,1
5,1,0.5530471,1
5,1,0.52845526,1
5,1,0.5356245,1
5,1,0.514613,1
5,1,0.5451026,1
5,1,0.5245529,1
5,1,0.5709554,1
5,1,0.5629568,1
5,1,0.5831659,1
5,1,0.59101164,1
5,1,0.5109522,1
5,1,0.54192114,1
5,1,0.51358706,1
5,1,0.56572276,1
5,1,0.52877957,1
5,1,0.58234626,1
5,1,0.5319593,1
5,1,0.4559999,0
5,1,0.48761386,0
5,1,0.50180286,1
5,1,0.48931894,0
5,1,0.50479835,1
5,1,0.52218366,1
5,1,0.5029697,1
5,1,0.5002504,1
5,1,0.5131999,1
5,1,0.51733375,1
5,1,0.50810164,1
5,1,0.50554085,1
5,1,0.50806683,1
5,1,0.501738,1
5,1,0.50433046,1
5,1,0.5093909,1
5,1,0.5016009,1
5,1,0.48611587,0
5,1,0.5009807,1
5,1,0.5155607,1
5,1,0.48592535,0
5,1,0.48932162,0
5,1,0.4953101,0
5,1,0.5005514,1
5,1,0.4811639,0
5,1,0.46361533,0
5,1,0.5053149,1
5,1,0.49390918,0
5,1,0.5027264,1
5,1,0.47252378,0
5,1,0.5039474,1
5,1,0.57898253,1
5,1,0.5814204,1
5,1,0.5460284,1
5,1,0.54754066,1
5,1,0.5550143,1
5,1,0.5352145,1
5,1,0.52539957,1
5,1,0.53211474,1
5,1,0.53243566,1
5,1,0.5283586,1
5,1,0.5402447,1
5,1,0.54027694,1
5,1,0.53653044,1
5,1,0.53851885,1
5,1,0.54817766,1
5,1,0.54497916,1
5,1,0.5669408,1
5,1,0.5205406,1
5,1,0.53521645,1
5,1,0.53181356,1
5,1,0.55246854,1
5,1,0.5464871,1
5,1,0.5602989,1
5,1,0.54695445,1
5,1,0.55694264,1
5,1,0.5398935,1
5,1,0.5988253,1
5,1,0.5622952,1
5,1,0.563603,1
5,1,0.56198186,1
5,1,0.5446698,1
5,1,0.48352063,0
5,1,0.5265448,1
5,1,0.556092,1
5,1,0.5196672,1
5,1,0.53457975,1
5,1,0.5416537,1
5,1,0.54175085,1
5,1,0.5423772,1
5,1,0.52117425,1
5,1,0.5231605,1
5,1,0.51300406,1
5,1,0.5181567,1
5,1,0.52070034,1
5,1,0.5104791,1
5,1,0.510693,1
5,1,0.496457,0
5,1,0.5236211,1
5,1,0.5086693,1
5,1,0.5054358,1
5,1,0.5240042,1
5,1,0.53792185,1
5,1,0.5249462,1
5,1,0.50418955,1
5,1,0.50196564,1
5,1,0.51347286,1
5,1,0.537577,1
5,1,0.53296053,1
5,1,0.4932777,0
5,1,0.5140308,1
5,1,0.50397223,1
5,1,0.5144627,1
5,1,0.53504896,1
5,1,0.51944554,1
5,1,0.52860445,1
5,1,0.50736964,1
5,1,0.4940248,0
5,1,0.49169958,0
5,1,0.5268995,1
5,1,0.5067531,1
5,1,0.5288262,1
5,1,0.5242654,1
5,1,0.5232173,1
5,1,0.5320903,1
5,1,0.5304786,1
5,1,0.5000152,1
5,1,0.52043223,1
5,1,0.49577984,0
5,1,0.4991635,0
5,1,0.49267563,0
5,1,0.50023264,1
5,1,0.5015367,1
5,1,0.54620934,1
5,1,0.55938697,1
5,1,0.5954788,1
5,1,0.55511653,1
5,1,0.5413154,1
5,1,0.54359514,1
5,1,0.55265117,1
5,1,0.50832677,1
5,1,0.5568155,1
5,1,0.50221807,1
5,1,0.54366404,1
5,1,0.5419471,1
5,1,0.54389167,1
5,1,0.50067234,1
5,1,0.5350274,1
5,1,0.5013025,1
5,1,0.5192635,1
5,1,0.49837926,0
5,1,0.51732,1
5,1,0.50192773,1
5,1,0.5058919,1
5,1,0.49681926,0
5,1,0.5048492,1
5,1,0.50697106,1
5,1,0.5575687,1
5,1,0.56381685,1
5,1,0.596386,1
5,1,0.55477047,1
5,1,0.5519974,1
5,1,0.54175067,1
5,1,0.5521032,1
5,1,0.50620943,1
5,1,0.5613157,1
5,1,0.5076962,1
5,1,0.54754156,1
5,1,0.5437309,1
5,1,0.5523651,1
5,1,0.510172,1
5,1,0.54336417,1
5,1,0.50779426,1
5,1,0.5606316,1
5,1,0.51614535,1
5,1,0.51245046,1
5,1,0.56014615,1
5,1,0.52649194,1
5,1,0.5285502,1
5,1,0.5433899,1
5,1,0.50306207,1
5,1,0.51357305,1
5,1,0.54956603,1
5,1,0.5153513,1
5,1,0.54307353,1
5,0,0.5012127,1
5,0,0.50537974,1
5,0,0.5191707,1
5,0,0.4975445,0
5,0,0.49754104,0
5,0,0.48287398,0
5,0,0.47763765,0
5,0,0.47647387,0
5,0,0.4636297,0
5,0,0.45905876,0
5,0,0.45783994,0
5,0,0.47325826,0
5,0,0.4801682,0
5,0,0.4701034,0
5,0,0.46330547,0
5,0,0.4539582,0
5,0,0.4682065,0
5,0,0.47359684,0
5,0,0.48082596,0
5,0,0.46892786,0
5,0,0.51392424,1
5,0,0.5089615,1
5,0,0.5223231,1
5,0,0.52838826,1
5,0,0.4969642,0
5,0,0.48346215,0
5,0,0.5158847,1
5,0,0.5177317,1
5,0,0.49345472,0
5,0,0.50808436,1
5,0,0.5200411,1
5,0,0.49279925,0
5,0,0.49059314,0
5,0,0.51119584,1
5,0,0.5239033,1
5,0,0.49974197,0
5,1,0.5275359,1
5,1,0.5098114,1
5,1,0.5204082,1
5,1,0.51187396,1
5,1,0.5273691,1
5,1,0.5163557,1
5,1,0.50517064,1
5,1,0.49492922,0
5,1,0.5221601,1
5,0,0.5028811,1
5,0,0.524732,1
5,0,0.5044531,1
5,0,0.50848424,1
5,0,0.49484515,0
5,0,0.4937033,0
5,0,0.5219583,1
5,0,0.52101773,1
5,0,0.48453233,0
5,0,0.50204736,1
5,0,0.50714046,1
5,0,0.49834806,0
5,0,0.51880187,1
5,0,0.5092563,1
5,0,0.50272286,1
5,0,0.5038285,1
5,0,0.52117944,1
5,0,0.5303581,1
5,0,0.49261752,0
5,1,0.5119076,1
5,1,0.50832033,1
5,1,0.5019748,1
5,1,0.51169354,1
5,1,0.51444495,1
5,1,0.51556325,1
5,1,0.5131333,1
5,1,0.504226,1
5,1,0.5156379,1
5,1,0.5236604,1
5,1,0.5009783,1
5,1,0.50897765,1
5,1,0.5168611,1
5,1,0.52876407,1
5,1,0.5144691,1
5,1,0.508289,1
5,1,0.5368853,1
5,1,0.5073313,1
5,1,0.5249671,1
5,1,0.5171615,1
5,1,0.523776,1
5,1,0.5359271,1
5,1,0.5211818,1
5,1,0.51756275,1
5,1,0.53423786,1
5,1,0.5217584,1
5,1,0.5264258,1
5,1,0.51609087,1
5,1,0.53815913,1
5,1,0.49377283,0
5,1,0.5504008,1
5,1,0.50551057,1
5,1,0.54583263,1
5,1,0.52459073,1
5,1,0.51640946,1
5,1,0.50523573,1
5,1,0.52420527,1
5,1,0.51244617,1
5,1,0.54242563,1
5,1,0.51936525,1
5,1,0.5167392,1
5,1,0.50908995,1
5,1,0.541307,1
5,1,0.52468085,1
5,1,0.5294232,1
5,1,0.5243504,1
5,1,0.5171677,1
5,0,0.5184434,1
5,0,0.5262258,1
5,0,0.51668155,1
5,0,0.53159773,1
5,0,0.564348,1
5,0,0.5468884,1
5,0,0.53538406,1
5,0,0.5247962,1
5,0,0.5312918,1
5,0,0.55432695,1
5,0,0.54291326,1
5,0,0.54032546,1
5,0,0.5086963,1
5,0,0.49911892,0
5,0,0.45857793,0
5,0,0.4656601,0
5,0,0.48143178,0
5,0,0.50808525,1
5,0,0.47967508,0
5,0,0.5226178,1
5,0,0.4741347,0
5,0,0.5145213,1
5,0,0.4915869,0
5,0,0.5339023,1
5,0,0.5028612,1
5,0,0.5158724,1
5,0,0.50615585,1
5,0,0.48814,0
5,0,0.5025479,1
5,0,0.50122523,1
5,0,0.5059894,1
5,0,0.5184654,1
5,0,0.51310897,1
5,0,0.50385344,1
5,0,0.52786255,1
5,0,0.50341135,1
5,0,0.5210683,1
5,0,0.498726,0
5,0,0.5036431,1
5,0,0.5154625,1
5,0,0.53419346,1
5,0,0.4772621,0
5,0,0.54213375,1
5,0,0.48105735,0
5,0,0.5245134,1
5,0,0.49856108,0
5,0,0.5142544,1
5,0,0.47893888,0
5,0,0.5076763,1
5,0,0.45395467,0
5,0,0.47395042,0
5,0,0.4652556,0
5,0,0.4883474,0
5,0,0.4877436,0
5,0,0.548344,1
5,0,0.502267,1
5,0,0.54418147,1
5,0,0.49273962,0
5,0,0.4939662,0
5,0,0.49895895,0
5,0,0.52588964,1
5,0,0.4911348,0
5,0,0.51291347,1
5,0,0.49360365,0
5,0,0.55136925,1
5,0,0.49956724,0
5,0,0.52697814,1
5,0,0.5319183,1
5,0,0.5398204,1
5,0,0.5305595,1
5,0,0.5196026,1
5,0,0.5264923,1
5,0,0.51576895,1
5,0,0.54929954,1
5,0,0.4867777,0
5,0,0.51490027,1
5,0,0.48584172,0
5,0,0.4973166,0
5,0,0.51441956,1
5,0,0.49629626,0
5,0,0.5518654,1
5,0,0.48690748,0
5,0,0.5459475,1
5,0,0.46850738,0
5,0,0.5036588,1
5,0,0.4788064,0
5,0,0.50115216,1
5,0,0.4950391,0
5,0,0.51973325,1
5,0,0.5276879,1
5,0,0.49448308,0
5,0,0.526635,1
5,0,0.50736576,1
5,0,0.51538354,1
5,0,0.4885551,0
5,0,0.5116871,1
5,0,0.46063823,0
5,0,0.51442593,1
5,0,0.5053175,1
5,0,0.53482336,1
5,0,0.49259192,0
5,0,0.5189972,1
5,0,0.49559668,0
5,0,0.49754193,0
5,0,0.49322253,0
5,0,0.4969268,0
5,0,0.53452826,1
5,0,0.5019596,1
5,0,0.5380409,1
5,0,0.5155546,1
5,0,0.5257728,1
5,0,0.518769,1
5,0,0.517207,1
5,0,0.5279255,1
5,0,0.51147836,1
5,0,0.54356015,1
5,0,0.51449645,1
5,0,0.54421216,1
5,0,0.5091544,1
5,0,0.49888322,0
5,0,0.51754534,1
5,0,0.48645926,0
5,0,0.51035964,1
5,0,0.4705193,0
5,0,0.5004217,1
5,0,0.48049846,0
5,0,0.53243846,1
5,0,0.49720743,0
5,0,0.5205944,1
5,0,0.4920709,0
5,0,0.5071819,1
5,0,0.49691418,0
5,0,0.50505614,1
5,0,0.48098445,0
5,0,0.5182584,1
5,0,0.47125772,0
5,0,0.4655304,0
5,0,0.46432057,0
5,0,0.51432496,1
5,0,0.4640102,0
5,0,0.50817126,1
5,0,0.47291803,0
5,0,0.51760495,1
5,0,0.4697072,0
5,0,0.5161537,1
5,0,0.47668794,0
5,0,0.50791544,1
5,0,0.526238,1
5,0,0.49515015,0
5,0,0.5291903,1
5,0,0.5212116,1
5,0,0.53977424,1
5,0,0.53139704,1
5,0,0.5272347,1
5,0,0.5170477,1
5,0,0.48513344,0
5,0,0.48310056,0
5,0,0.5073543,1
5,0,0.452866,0
5,0,0.50823736,1
5,0,0.49170163,0
5,0,0.5265867,1
5,0,0.48831707,0
5,0,0.5349171,1
5,0,0.5023459,1
5,0,0.55513513,1
5,0,0.49276727,0
5,0,0.52377075,1
5,0,0.5102153,1
5,0,0.5077265,1
5,0,0.49387923,0
5,0,0.5373763,1
5,0,0.5559935,1
5,0,0.55712384,1
5,0,0.5606987,1
5,0,0.5519722,1
5,0,0.5632747,1
5,0,0.55664486,1
5,0,0.57176596,1
5,0,0.5660953,1
5,0,0.5758186,1
5,0,0.5767256,1
5,0,0.59950703,1
5,0,0.5794486,1
5,0,0.575416,1
5,0,0.57264525,1
5,0,0.5917228,1
5,0,0.60119283,1
5,0,0.5455165,1
5,0,0.59710723,1
5,0,0.5804247,1
5,0,0.59623826,1
5,0,0.5726345,1
5,0,0.59958726,1
5,0,0.57464445,1
5,0,0.58295053,1
5,0,0.56328833,1
5,0,0.597104,1
5,0,0.55757356,1
5,0,0.56829643,1
5,0,0.59963095,1
5,0,0.58669275,1
5,0,0.5770875,1
5,0,0.58023137,1
5,0,0.5602452,1
5,0,0.5520725,1
5,0,0.5737088,1
5,0,0.56564933,1
5,0,0.5484109,1
5,0,0.5643035,1
5,0,0.5738767,1
5,0,0.5834645,1
5,0,0.5731238,1
5,0,0.5621872,1
5,0,0.5669221,1
5,0,0.56578714,1
5,0,0.5589008,1
5,0,0.5656256,1
5,0,0.5616065,1
5,0,0.56128514,1
5,0,0.5677458,1
5,0,0.54067373,1
5,0,0.5591353,1
5,0,0.55629957,1
5,0,0.54563826,1
5,0,0.56985945,1
5,0,0.5590068,1
5,0,0.5720121,1
5,0,0.5302519,1
5,0,0.5643409,1
5,0,0.5324277,1
5,0,0.5836607,1
5,0,0.5666462,1
5,0,0.57530266,1
5,0,0.6028644,1
5,0,0.53489274,1
5,0,0.56948453,1
5,0,0.5217104,1
5,0,0.5814991,1
5,0,0.5409017,1
5,0,0.59283876,1
5,0,0.53875554,1
5,0,0.5412791,1
5,0,0.5637724,1
5,0,0.5550568,1
5,0,0.5143722,1
5,0,0.54813975,1
5,0,0.55964845,1
5,0,0.50550264,1
5,0,0.53700477,1
5,0,0.56665015,1
5,0,0.51947254,1
5,0,0.52941775,1
5,0,0.56560725,1
5,0,0.533558,1
5,0,0.53189063,1
5,0,0.5516584,1
5,0,0.5646913,1
5,0,0.51762474,1
5,0,0.5953849,1
5,0,0.53064185,1
5,0,0.5431196,1
5,0,0.54740965,1
5,0,0.60152376,1
5,0,0.56256664,1
5,0,0.4992743,0
5,0,0.5500052,1
5,0,0.5887824,1
5,0,0.5450199,1
5,0,0.559941,1
5,0,0.58622164,1
5,0,0.6207556,1
5,0,0.55656767,1
5,0,0.5964446,1
5,0,0.55587614,1
5,0,0.5778505,1
5,1,0.5896368,1
5,1,0.5957173,1
5,1,0.534097,1
5,1,0.5658326,1
5,1,0.58581334,1
5,1,0.5684664,1
5,1,0.5659207,1
5,1,0.5344887,1
5,1,0.5789628,1
5,0,0.60757136,1
5,0,0.55914205,1
5,0,0.5696932,1
5,0,0.5582922,1
5,0,0.5480277,1
5,0,0.53549063,1
5,0,0.5746269,1
5,0,0.57333845,1
5,0,0.52760464,1
5,0,0.55566305,1
5,0,0.6008808,1
5,0,0.5554486,1
5,0,0.5877001,1
5,0,0.56778777,1
5,0,0.5633654,1
5,0,0.54101896,1
5,0,0.5237165,1
5,0,0.573713,1
5,0,0.53647757,1
5,0,0.58566934,1
5,0,0.55129045,1
5,0,0.5584358,1
5,0,0.5799849,1
5,0,0.608074,1
5,0,0.55695933,1
5,0,0.5688935,1
5,0,0.55871356,1
5,0,0.55465925,1
5,0,0.56106573,1
5,0,0.54907703,1
5,1,0.54982454,1
5,1,0.58059394,1
5,1,0.5708713,1
5,1,0.6069445,1
5,1,0.5921527,1
5,1,0.57556164,1
5,1,0.58928263,1
5,1,0.5954528,1
5,1,0.5606833,1
5,1,0.5653147,1
5,1,0.56178415,1
5,1,0.577596,1
5,1,0.5791077,1
5,1,0.5666575,1
5,0,0.5190994,1
5,0,0.5536107,1
5,0,0.52874005,1
5,0,0.5873487,1
5,0,0.5543826,1
5,0,0.5660923,1
5,0,0.55801845,1
5,0,0.55853516,1
5,0,0.52559364,1
5,0,0.50617844,1
5,0,0.51234096,1
5,0,0.5175287,1
5,0,0.48656547,0
5,0,0.515783,1
5,0,0.51815605,1
5,0,0.5132442,1
5,0,0.5233382,1
5,0,0.51201683,1
5,0,0.5058039,1
5,0,0.51321536,1
5,0,0.50036633,1
5,0,0.4972945,0
5,0,0.49899402,0
5,0,0.49234688,0
5,0,0.5177487,1
5,0,0.4895754,0
5,0,0.50256485,1
5,0,0.50387055,1
5,0,0.4986501,0
5,0,0.5033291,1
5,0,0.4978854,0
5,0,0.5196433,1
5,0,0.5033687,1
5,0,0.5014823,1
5,0,0.49065128,0
5,0,0.50428444,1
5,0,0.5105614,1
5,1,0.5131256,1
5,1,0.5288828,1
5,1,0.5190887,1
5,1,0.5308902,1
5,1,0.4941535,0
5,1,0.49598297,0
5,1,0.4951071,0
5,1,0.48986933,0
5,1,0.49116173,0
5,1,0.47125906,0
5,1,0.48940933,0
5,1,0.50408345,1
5,1,0.5127216,1
5,1,0.540349,1
5,1,0.5396291,1
5,1,0.50982684,1
5,1,0.4933236,0
5,1,0.48734888,0
5,1,0.4871932,0
5,1,0.48656458,0
5,0,0.50870425,1
5,0,0.5078658,1
5,0,0.507254,1
5,0,0.5093749,1
5,0,0.5119483,1
5,0,0.5056497,1
5,0,0.50366205,1
5,0,0.50999606,1
5,0,0.5216205,1
5,0,0.50811106,1
5,0,0.5013658,1
5,0,0.5248108,1
5,0,0.52269477,1
5,0,0.50340444,1
5,0,0.48938307,0
5,0,0.5078074,1
5,0,0.5225668,1
5,0,0.5078448,1
5,0,0.5133291,1
5,0,0.5222624,1
5,0,0.49744323,0
5,0,0.49574512,0
5,0,0.49332902,0
5,0,0.49857962,0
5,0,0.4875223,0
5,0,0.5190337,1
5,0,0.5068064,1
5,0,0.51628786,1
5,0,0.519647,1
5,0,0.52155775,1
5,0,0.5238331,1
5,0,0.5100755,1
5,0,0.50951517,1
5,0,0.5108694,1
5,0,0.4982889,0
5,0,0.5210657,1
5,0,0.50227934,1
5,0,0.5027311,1
5,0,0.50335664,1
5,0,0.49526653,0
5,0,0.52100044,1
5,0,0.52372885,1
5,0,0.4957458,0
5,0,0.5074771,1
5,0,0.4983272,0
5,0,0.50163925,1
5,0,0.51787925,1
5,0,0.50639206,1
5,0,0.5022781,1
5,0,0.50118685,1
5,0,0.51433724,1
5,0,0.54055995,1
5,0,0.5565946,1
5,0,0.4952579,0
5,0,0.5164941,1
5,0,0.5024426,1
5,0,0.4837771,0
5,0,0.48369285,0
5,0,0.50200963,1
5,0,0.48627242,0
5,0,0.5046113,1
5,0,0.490609,0
5,0,0.49157366,0
5,0,0.49857605,0
5,0,0.53594184,1
5,0,0.50510514,1
5,0,0.514369,1
5,0,0.5289025,1
5,1,0.51535094,1
5,1,0.5352399,1
5,1,0.553819,1
5,1,0.5341503,1
5,1,0.5167926,1
5,1,0.5294377,1
5,1,0.5364605,1
5,1,0.51801306,1
5,1,0.5614516,1
5,1,0.5517277,1
5,1,0.56912965,1
5,1,0.5571432,1
5,1,0.5528574,1
5,1,0.57406384,1
5,1,0.54690665,1
5,1,0.56104773,1
5,1,0.5659169,1
5,1,0.5533918,1
5,1,0.5582089,1
5,1,0.5758689,1
5,1,0.56024635,1
5,1,0.5593968,1
5,1,0.55743283,1
5,1,0.5881711,1
5,1,0.551325,1
5,0,0.50342304,1
5,0,0.51737994,1
5,0,0.513858,1
5,0,0.50195616,1
5,0,0.5002864,1
5,0,0.501573,1
5,0,0.4849365,0
5,0,0.48135296,0
5,0,0.47374323,0
5,0,0.47130457,0
5,0,0.4664278,0
5,0,0.47237825,0
5,0,0.48281893,0
5,0,0.47496146,0
5,1,0.46181643,0
5,1,0.469439,0
5,1,0.48007628,0
5,1,0.47213396,0
5,1,0.48648873,0
5,1,0.476717,0
5,1,0.52199,1
5,1,0.52971137,1
5,1,0.50865656,1
5,1,0.51522017,1
5,1,0.5212178,1
5,1,0.48819193,0
5,1,0.5156338,1
5,0,0.519597,1
5,0,0.51808894,1
5,0,0.5262771,1
5,0,0.51318115,1
5,0,0.5072817,1
5,0,0.5130739,1
5,0,0.5062985,1
5,0,0.5022297,1
5,0,0.49903342,0
5,0,0.5012646,1
5,0,0.49314046,0
5,0,0.5210621,1
5,0,0.49213654,0
5,0,0.50446963,1
5,0,0.49920377,0
5,0,0.52197677,1
5,0,0.5055547,1
5,0,0.502437,1
5,0,0.4907352,0
5,0,0.50607693,1
5,0,0.51202893,1
5,0,0.51623154,1
5,0,0.5317746,1
5,0,0.5233604,1
5,0,0.5364739,1
5,0,0.5020373,1
5,0,0.49980906,0
5,0,0.5007792,1
5,0,0.4912632,0
5,0,0.4950566,0
5,0,0.47236413,0
5,0,0.48871198,0
5,0,0.50848436,1
5,1,0.5161094,1
5,1,0.53489596,1
5,1,0.5420276,1
5,1,0.49862307,0
5,1,0.5053502,1
5,1,0.49216366,0
5,1,0.49307135,0
5,1,0.48831865,0
5,1,0.5133339,1
5,1,0.5079071,1
5,1,0.51194966,1
5,1,0.5123029,1
5,1,0.5154483,1
5,1,0.5090755,1
5,1,0.5065237,1
5,1,0.5160329,1
5,1,0.5261715,1
5,1,0.511344,1
5,1,0.50472575,1
5,1,0.52876055,1
5,1,0.5272174,1
5,0,0.50538516,1
5,0,0.4935158,0
5,0,0.510538,1
5,0,0.52567756,1
5,0,0.5107213,1
5,0,0.51688707,1
5,0,0.52444255,1
5,0,0.5007143,1
5,0,0.49882525,0
5,0,0.49791437,0
5,0,0.50370824,1
5,0,0.49108598,0
5,0,0.52278566,1
5,0,0.50876796,1
5,0,0.5207744,1
5,0,0.52181363,1
5,0,0.5253141,1
5,0,0.5262924,1
5,0,0.5167546,1
5,0,0.50729114,1
5,0,0.51498705,1
5,0,0.50666827,1
5,0,0.5269652,1
5,0,0.506257,1
5,0,0.508559,1
5,0,0.5071536,1
5,0,0.4988143,0
5,0,0.52435684,1
5,0,0.5280369,1
5,0,0.4988616,0
5,0,0.5109167,1
5,0,0.50308156,1
5,0,0.5096106,1
5,0,0.5243811,1
5,0,0.5135583,1
5,0,0.5107043,1
5,0,0.5112818,1
5,0,0.5224615,1
5,0,0.54819924,1
5,0,0.5059477,1
5,1,0.5483047,1
5,1,0.5395747,1
5,1,0.565088,1
5,1,0.5599832,1
5,1,0.5627581,1
5,1,0.5260541,1
5,1,0.5688478,1
5,1,0.56170994,1
5,1,0.54390734,1
5,1,0.5538973,1
5,1,0.5646468,1
5,1,0.53425956,1
5,1,0.5196918,1
5,1,0.5905978,1
5,1,0.57854813,1
5,1,0.5376618,1
5,1,0.5683315,1
5,1,0.58610785,1
5,1,0.54271424,1
5,1,0.49328804,0
5,1,0.6109202,1
5,1,0.5763957,1
5,1,0.5964763,1
5,1,0.57441497,1
5,1,0.54639333,1
5,1,0.57182485,1
5,1,0.5705727,1
5,1,0.530636,1
5,1,0.5553913,1
5,1,0.57763684,1
5,1,0.5261998,1
5,1,0.5291951,1
5,1,0.54431343,1
5,1,0.52746105,1
5,1,0.5399933,1
5,1,0.5501108,1
5,1,0.55639374,1
5,1,0.56425035,1
5,1,0.5581581,1
5,1,0.56009793,1
5,1,0.55733883,1
5,1,0.56029487,1
5,1,0.5525775,1
5,1,0.55560017,1
5,1,0.6119616,1
5,1,0.5505752,1
5,1,0.56343204,1
5,1,0.5437364,1
5,1,0.5466439,1
5,1,0.56930983,1
5,1,0.5591807,1
5,1,0.54434973,1
5,1,0.5572299,1
5,1,0.5672515,1
5,1,0.55803895,1
5,1,0.5506076,1
5,1,0.5488866,1
5,1,0.57481796,1
5,1,0.54586524,1
5,1,0.5534469,1
5,1,0.5495211,1
5,1,0.54170936,1
5,1,0.56885535,1
5,1,0.5432255,1
5,1,0.55498046,1
5,1,0.56692535,1
5,1,0.5532795,1
5,1,0.55087984,1
5,1,0.5659477,1
5,1,0.5531032,1
5,1,0.5574389,1
5,1,0.5671842,1
5,1,0.5360117,1
5,1,0.53913105,1
5,1,0.553803,1
5,1,0.536224,1
5,1,0.5301199,1
5,1,0.48606557,0
5,1,0.55435497,1
5,1,0.54209554,1
5,1,0.5576022,1
5,1,0.5603764,1
5,1,0.5475754,1
5,1,0.5338892,1
5,1,0.56147057,1
5,1,0.5732965,1
5,1,0.52022296,1
5,1,0.5670008,1
5,1,0.57012516,1
5,1,0.57393384,1
5,1,0.57258,1
5,1,0.5772382,1
5,1,0.57338655,1
5,1,0.56716007,1
5,1,0.5459942,1
5,1,0.5527657,1
5,1,0.58549917,1
5,1,0.5757254,1
5,1,0.5198336,1
5,1,0.51269853,1
5,1,0.5275382,1
5,1,0.51222533,1
5,1,0.5185125,1
5,1,0.51765025,1
5,1,0.5155475,1
5,1,0.51698023,1
5,1,0.51587206,1
5,1,0.5036755,1
5,1,0.4858964,0
5,1,0.50981843,1
5,1,0.50418884,1
5,1,0.49127346,0
5,1,0.49869403,0
5,1,0.5476317,1
5,1,0.54732424,1
5,1,0.5649022,1
5,1,0.5506651,1
5,1,0.54858917,1
5,1,0.5445186,1
5,1,0.55099094,1
5,1,0.53357923,1
5,1,0.53286785,1
5,1,0.5221752,1
5,1,0.5646309,1
5,1,0.53483766,1
5,1,0.5145468,1
5,1,0.5248475,1
5,1,0.5263785,1
5,1,0.5503059,1
5,1,0.5334617,1
5,1,0.5335598,1
5,1,0.5390734,1
5,1,0.55469626,1
5,0,0.5024269,1
5,0,0.49274462,0
5,0,0.51013213,1
5,0,0.5112159,1
5,0,0.47933838,0
5,0,0.5019726,1
5,0,0.51758814,1
5,0,0.49917087,0
5,0,0.52383363,1
5,0,0.50979036,1
5,0,0.49943602,0
5,0,0.5026665,1
5,0,0.48523414,0
5,0,0.5013628,1
5,0,0.4992449,0
5,0,0.4990592,0
5,0,0.49283335,0
5,0,0.50476,1
5,0,0.49395746,0
5,0,0.51659113,1
5,0,0.50149816,1
5,0,0.5006893,1
5,0,0.480926,0
5,0,0.49678123,0
5,0,0.50695586,1
5,0,0.5153247,1
5,0,0.5206621,1
5,0,0.5163266,1
5,0,0.53470224,1
5,0,0.4910397,0
5,0,0.48861834,0
5,0,0.50144696,1
5,0,0.47801477,0
5,0,0.4853934,0
5,0,0.4755652,0
5,0,0.48778093,0
5,0,0.5036903,1
5,0,0.51505584,1
5,0,0.54718107,1
5,0,0.53287274,1
5,0,0.50754994,1
5,0,0.4863839,0
5,0,0.48882297,0
5,0,0.48454586,0
5,0,0.49080637,0
5,0,0.5022797,1
5,0,0.5075801,1
5,1,0.5069876,1
5,1,0.5074963,1
5,1,0.5100362,1
5,1,0.5034661,1
5,1,0.50545067,1
5,1,0.5060962,1
5,1,0.5220899,1
5,1,0.51137763,1
5,1,0.5206483,1
5,1,0.5259504,1
5,1,0.49793836,0
5,1,0.48255166,0
5,1,0.51049185,1
5,1,0.51768076,1
5,0,0.48981395,0
5,0,0.48793432,0
5,0,0.5082768,1
5,0,0.5215376,1
5,0,0.4974252,0
5,0,0.52595013,1
5,0,0.5064057,1
5,0,0.5159488,1
5,0,0.509003,1
5,0,0.5269124,1
5,0,0.5104049,1
5,0,0.50219977,1
5,0,0.49087128,0
5,0,0.518667,1
5,0,0.5021126,1
5,0,0.52228814,1
5,0,0.5025438,1
5,0,0.50529134,1
5,0,0.49525517,0
5,0,0.49069348,0
5,0,0.52081263,1
5,0,0.5202164,1
5,0,0.48118892,0
5,0,0.49889314,0
5,0,0.50271004,1
5,0,0.4946377,0
5,0,0.51453555,1
5,0,0.505843,1
5,0,0.5007042,1
5,0,0.50095487,1
5,0,0.5184248,1
5,0,0.5288718,1
5,0,0.4895548,0
5,1,0.52334124,1
5,1,0.51143783,1
5,1,0.53123313,1
5,1,0.5291877,1
5,1,0.5150352,1
5,1,0.53675675,1
5,1,0.52655435,1
5,1,0.53733504,1
5,1,0.5380122,1
5,1,0.58304816,1
5,1,0.6093885,1
5,1,0.6257578,1
5,1,0.62369883,1
5,1,0.60496646,1
5,1,0.60343623,1
5,1,0.55734444,1
5,1,0.5778281,1
5,1,0.60926193,1
5,1,0.51864487,1
5,1,0.5152315,1
5,1,0.51699036,1
5,1,0.54419804,1
5,1,0.53610975,1
5,1,0.5524939,1
5,1,0.48066106,0
5,1,0.5082374,1
5,1,0.5229282,1
5,0,0.5324985,1
5,0,0.5156454,1
5,0,0.5071005,1
5,0,0.5041977,1
5,0,0.51268214,1
5,0,0.5024278,1
5,0,0.5163381,1
5,0,0.5233255,1
5,0,0.5253603,1
5,0,0.5104547,1
5,1,0.50200254,1
5,1,0.49169323,0
5,1,0.50396526,1
5,1,0.5369699,1
5,1,0.52451426,1
5,1,0.51464885,1
5,1,0.5229425,1
5,1,0.47752059,0
5,1,0.4924717,0
5,1,0.5098278,1
5,1,0.5007706,1
5,1,0.52148783,1
5,1,0.528118,1
5,1,0.53387475,1
5,1,0.55590296,1
5,1,0.5598687,1
5,1,0.5377345,1
5,1,0.57201266,1
5,1,0.56236523,1
5,1,0.56480575,1
5,1,0.5539445,1
5,1,0.61899763,1
5,1,0.54026115,1
5,1,0.5849736,1
5,1,0.5888086,1
5,1,0.54274625,1
5,1,0.5347566,1
5,0,0.49448332,0
5,0,0.5042399,1
5,0,0.5062833,1
5,0,0.49205604,0
5,0,0.51574254,1
5,0,0.51419127,1
5,0,0.50096077,1
5,0,0.5124996,1
5,0,0.5140991,1
5,0,0.4953217,0
5,0,0.49187952,0
5,0,0.51652855,1
5,0,0.5033704,1
5,0,0.5160661,1
5,0,0.5180024,1
5,1,0.49796805,0
5,1,0.5160993,1
5,1,0.5142162,1
5,1,0.48701563,0
5,1,0.5282926,1
5,1,0.51041883,1
5,1,0.5146394,1
5,1,0.49933228,0
5,1,0.5162391,1
5,1,0.5101216,1
5,1,0.51702815,1
5,1,0.5037322,1
5,1,0.53821397,1
5,1,0.5181737,1
5,1,0.5070983,1
5,1,0.5188002,1
5,1,0.5759408,1
5,1,0.5716402,1
5,1,0.5246243,1
5,1,0.5106839,1
5,1,0.54039335,1
5,1,0.5433828,1
5,1,0.52074337,1
5,1,0.5423129,1
5,1,0.51790583,1
5,1,0.5338484,1
5,1,0.5593094,1
5,1,0.549354,1
5,1,0.5555783,1
5,1,0.541684,1
5,1,0.5281842,1
5,1,0.55571336,1
5,1,0.52940756,1
5,1,0.56160355,1
5,1,0.55740416,1
5,1,0.58330625,1
5,1,0.55068016,1
5,1,0.519523,1
5,1,0.54345566,1
5,1,0.5861988,1
5,1,0.5207831,1
5,1,0.54404896,1
5,1,0.55582,1
5,1,0.5649769,1
5,1,0.49848157,0
5,1,0.559453,1
5,1,0.5822734,1
5,1,0.544258,1
5,1,0.5592995,1
5,1,0.5579303,1
5,1,0.54328895,1
5,1,0.5438416,1
5,1,0.5498132,1
5,1,0.54903287,1
5,1,0.5592144,1
5,0,0.4942649,0
5,0,0.50380766,1
5,0,0.50610816,1
5,0,0.49219462,0
5,0,0.5157449,1
5,0,0.51372486,1
5,0,0.50068545,1
5,0,0.51230896,1
5,0,0.5138018,1
5,0,0.4953514,0
5,0,0.49186832,0
5,0,0.51668465,1
5,0,0.50338554,1
5,0,0.5158873,1
5,0,0.51804346,1
5,1,0.5145243,1
5,1,0.48516825,0
5,1,0.5198924,1
5,1,0.49640155,0
5,1,0.5308495,1
5,1,0.5217417,1
5,1,0.55679876,1
5,1,0.5324092,1
5,1,0.51693654,1
5,1,0.5008413,1
5,1,0.5100272,1
5,1,0.48974192,0
5,1,0.5198401,1
5,1,0.47803056,0
5,1,0.50910217,1
5,1,0.525009,1
5,1,0.53815305,1
5,1,0.51940453,1
5,1,0.4996381,0
5,1,0.48098904,0
5,1,0.49362198,0
5,1,0.48834825,0
5,1,0.5015841,1
5,1,0.49568462,0
5,1,0.51033854,1
5,1,0.5218758,1
5,1,0.516125,1
5,1,0.5230327,1
5,1,0.52378905,1
5,1,0.51154274,1
5,1,0.48073643,0
5,1,0.5002394,1
5,1,0.5083319,1
5,1,0.4800165,0
5,1,0.4832574,0
5,1,0.54207623,1
5,1,0.5637938,1
5,1,0.5437149,1
5,1,0.5174656,1
5,1,0.554545,1
5,1,0.53760344,1
5,1,0.5693304,1
5,1,0.54383814,1
5,1,0.5865263,1
5,1,0.5794132,1
5,1,0.6066052,1
5,1,0.56881773,1
5,1,0.5589254,1
5,1,0.5546705,1
5,1,0.5735288,1
5,1,0.56198466,1
5,1,0.56945556,1
5,1,0.5751333,1
5,1,0.5737526,1
5,1,0.56696415,1
5,1,0.5024482,1
5,1,0.4878952,0
5,1,0.48359337,0
5,1,0.48669794,0
5,1,0.4836659,0
5,1,0.4918869,0
5,1,0.4719972,0
5,1,0.4990751,0
5,1,0.48636547,0
5,1,0.50463146,1
5,1,0.50054497,1
5,1,0.497742,0
5,1,0.49734938,0
5,1,0.49212614,0
5,1,0.49904707,0
5,1,0.507221,1
5,1,0.5103655,1
5,1,0.5012592,1
5,1,0.5110739,1
5,1,0.50480294,1
5,1,0.51278156,1
5,1,0.5101436,1
5,1,0.50285184,1
5,1,0.49605188,0
5,1,0.50823385,1
5,1,0.48094746,0
5,1,0.47309938,0
5,1,0.46174914,0
5,1,0.46297818,0
5,1,0.4683922,0
5,1,0.46423542,0
5,1,0.56576705,1
5,1,0.5633077,1
5,1,0.5558964,1
5,1,0.54847646,1
5,1,0.55351955,1
5,1,0.55194986,1
5,1,0.53992516,1
5,1,0.5409182,1
5,1,0.56219596,1
5,1,0.57873696,1
5,1,0.5900468,1
5,1,0.57184297,1
5,1,0.5721343,1
5,1,0.5696423,1
5,1,0.563024,1
5,1,0.57129085,1
5,1,0.5628138,1
5,1,0.5783994,1
5,1,0.5917595,1
5,1,0.57037395,1
5,1,0.5714084,1
5,1,0.56716967,1
5,1,0.5618095,1
5,1,0.57416844,1
5,1,0.51277554,1
5,1,0.48984239,0
5,1,0.5263986,1
5,1,0.48095644,0
5,1,0.51638615,1
5,1,0.51717854,1
5,1,0.54542875,1
5,1,0.5237418,1
5,1,0.5045581,1
5,1,0.48334256,0
5,1,0.5571588,1
5,1,0.57170725,1
5,1,0.52261925,1
5,1,0.5933192,1
5,1,0.5293739,1
5,1,0.6041713,1
5,1,0.57589257,1
5,1,0.59500647,1
5,1,0.55393595,1
5,1,0.55107516,1
5,1,0.5603212,1
5,1,0.5553896,1
5,1,0.51495796,1
5,1,0.5262093,1
5,1,0.529304,1
5,1,0.5335494,1
5,1,0.53225243,1
5,1,0.48024663,0
5,1,0.5104207,1
5,1,0.51879334,1
5,1,0.47629339,0
5,1,0.4892132,0
5,1,0.49310142,0
5,1,0.4996055,0
5,1,0.4874783,0
5,1,0.49791193,0
5,1,0.4806108,0
5,1,0.53945464,1
5,1,0.5464671,1
5,1,0.50503695,1
5,1,0.50383586,1
5,1,0.533856,1
5,1,0.51464486,1
5,1,0.5498042,1
5,0,0.5032336,1
5,0,0.49710995,0
5,0,0.48969626,0
5,0,0.48887995,0
5,0,0.50581247,1
5,0,0.4886076,0
5,0,0.5102854,1
5,0,0.51329774,1
5,0,0.4988838,0
5,0,0.51595616,1
5,0,0.4841062,0
5,0,0.5172514,1
5,0,0.5015187,1
5,0,0.50363654,1
5,0,0.48994666,0
5,0,0.48799622,0
5,0,0.51289976,1
5,0,0.4777804,0
5,0,0.50926,1
5,0,0.5094408,1
5,0,0.48686293,0
5,0,0.47896653,0
5,0,0.49455094,0
5,0,0.48029983,0
5,0,0.47655872,0
5,0,0.5023078,1
5,0,0.49083713,0
5,0,0.4834919,0
5,0,0.5086122,1
5,0,0.50098306,1
5,0,0.49835324,0
5,0,0.5055481,1
5,0,0.5195938,1
5,0,0.51574135,1
5,0,0.5409134,1
5,0,0.5371106,1
5,0,0.516374,1
5,0,0.52265,1
5,0,0.50933623,1
5,0,0.50041115,1
5,0,0.50703186,1
5,0,0.52601767,1
5,0,0.4987719,0
5,0,0.5323989,1
5,0,0.5165938,1
5,0,0.55212265,1
5,0,0.48933715,0
5,0,0.5356625,1
5,0,0.49090934,0
5,0,0.4850737,0
5,0,0.48124078,0
5,0,0.5242816,1
5,0,0.4778304,0
5,0,0.5315569,1
5,0,0.48964214,0
5,0,0.5203887,1
5,0,0.4832612,0
5,0,0.49902987,0
5,0,0.45954,0
5,0,0.5266416,1
5,0,0.4463501,0
5,0,0.46282637,0
5,0,0.46087754,0
5,0,0.49934042,0
5,0,0.46887648,0
5,0,0.53916,1
5,0,0.47977564,0
5,0,0.54013056,1
5,0,0.5078799,1
5,0,0.5065133,1
5,0,0.5237037,1
5,0,0.5071724,1
5,0,0.55489147,1
5,0,0.50030327,1
5,0,0.5471285,1
5,0,0.48845044,0
5,0,0.5444104,1
5,0,0.5103644,1
5,0,0.5208011,1
5,0,0.5196839,1
5,0,0.5053094,1
5,0,0.5312201,1
5,0,0.48952574,0
5,0,0.53631836,1
5,0,0.48084024,0
5,0,0.53055745,1
5,0,0.48670375,0
5,0,0.5243545,1
5,0,0.53979605,1
5,0,0.5129965,1
5,0,0.5392322,1
5,0,0.45780063,0
5,0,0.52044594,1
5,0,0.46978134,0
5,0,0.5272953,1
5,0,0.45750108,0
5,0,0.50278616,1
5,0,0.4869155,0
5,0,0.501158,1
5,0,0.5113265,1
5,0,0.5044146,1
5,0,0.47993058,0
5,0,0.5024692,1
5,0,0.4961847,0
5,0,0.49830696,0
5,0,0.5153125,1
5,0,0.44529933,0
5,0,0.48919582,0
5,0,0.45766824,0
5,0,0.49778506,0
5,0,0.45142052,0
5,0,0.5001371,1
5,0,0.49507865,0
5,0,0.55394644,1
5,0,0.5290469,1
5,0,0.5269998,1
5,0,0.48946723,0
5,0,0.5004689,1
5,0,0.49270496,0
5,0,0.50988734,1
5,0,0.5406446,1
5,0,0.49681193,0
5,0,0.5380516,1
5,0,0.47536775,0
5,0,0.5373415,1
5,0,0.49989483,0
5,0,0.5131847,1
5,0,0.5058061,1
5,0,0.5162757,1
5,0,0.52205956,1
5,0,0.49558663,0
5,0,0.51370764,1
5,0,0.5132288,1
5,0,0.5035787,1
5,0,0.53326523,1
5,0,0.5188029,1
5,0,0.51072,1
5,0,0.5348035,1
5,0,0.4998576,0
5,0,0.5213093,1
5,0,0.48088264,0
5,0,0.510117,1
5,0,0.48231804,0
5,0,0.5311771,1
5,0,0.5019274,1
5,0,0.54097646,1
5,0,0.46518657,0
5,0,0.5080626,1
5,0,0.49952915,0
5,0,0.48438525,0
5,0,0.47643098,0
5,0,0.50818837,1
5,0,0.4632106,0
5,0,0.46814913,0
5,0,0.48550543,0
5,0,0.5060814,1
5,0,0.49817672,0
5,0,0.5044104,1
5,0,0.45791525,0
5,0,0.50047225,1
5,0,0.44038227,0
5,0,0.508949,1
5,0,0.46484143,0
5,0,0.50411856,1
5,0,0.5112195,1
5,0,0.48599005,0
5,0,0.4914508,0
5,0,0.5140429,1
5,0,0.49335444,0
5,0,0.4929904,0
5,0,0.47830835,0
5,0,0.48521477,0
5,0,0.48823002,0
5,0,0.49576464,0
5,0,0.5493292,1
5,0,0.481955,0
5,0,0.5401497,1
5,0,0.4830327,0
5,0,0.54160917,1
5,0,0.48872638,0
5,0,0.51770043,1
5,0,0.50743,1
5,0,0.50697213,1
5,0,0.51257503,1
5,0,0.5050109,1
5,0,0.51078534,1
5,0,0.52262425,1
5,0,0.51758456,1
5,0,0.5421756,1
5,0,0.5287715,1
5,0,0.5323699,1
5,0,0.5480931,1
5,0,0.5376237,1
5,0,0.5514412,1
5,0,0.57291645,1
5,0,0.5666188,1
5,0,0.58097553,1
5,0,0.575684,1
5,0,0.5586135,1
5,0,0.5674691,1
5,0,0.5847888,1
5,0,0.564436,1
5,0,0.57761025,1
5,0,0.5600496,1
5,0,0.55788404,1
5,0,0.5833518,1
5,0,0.5551158,1
5,0,0.57580405,1
5,0,0.54110384,1
5,0,0.56132656,1
5,0,0.5598773,1
5,0,0.5480045,1
5,0,0.54135436,1
5,0,0.5542885,1
5,0,0.56724256,1
5,0,0.5504529,1
5,0,0.55554074,1
5,0,0.5263386,1
5,0,0.5541218,1
5,0,0.5254072,1
5,0,0.5324095,1
5,0,0.5121508,1
5,0,0.5431279,1
5,0,0.524,1
5,0,0.56941754,1
5,0,0.56250864,1
5,0,0.5819819,1
5,0,0.5904513,1
5,0,0.5116511,1
5,0,0.539479,1
5,0,0.5126663,1
5,0,0.56476706,1
5,0,0.52735263,1
5,0,0.5795539,1
5,0,0.531268,1
5,0,0.550557,1
5,0,0.55471253,1
5,0,0.52693295,1
5,0,0.5124957,1
5,0,0.53578925,1
5,0,0.5337471,1
5,0,0.49045068,0
5,0,0.52275366,1
5,0,0.53823054,1
5,0,0.5223392,1
5,0,0.5374944,1
5,0,0.5258483,1
5,0,0.5306696,1
5,0,0.5158415,1
5,0,0.5353999,1
5,0,0.5527505,1
5,0,0.49239632,0
5,0,0.571275,1
5,0,0.536961,1
5,0,0.52882487,1
5,0,0.5467866,1
5,0,0.5727769,1
5,0,0.5500651,1
5,0,0.49251154,0
5,0,0.5485281,1
5,0,0.5690451,1
5,0,0.55269164,1
5,0,0.53303707,1
5,0,0.55415004,1
5,0,0.60142,1
5,0,0.5184429,1
5,0,0.5879793,1
5,0,0.54990053,1
5,0,0.55526894,1
5,0,0.5271491,1
5,0,0.53704,1
5,0,0.5427143,1
5,0,0.5616958,1
5,0,0.5739943,1
5,0,0.53932565,1
5,0,0.55556226,1
5,0,0.517442,1
5,0,0.54304737,1
5,0,0.56904364,1
5,0,0.55021006,1
5,0,0.5772647,1
5,0,0.5345386,1
5,0,0.544173,1
5,0,0.5190486,1
5,0,0.5602194,1
5,0,0.5550417,1
5,0,0.5115422,1
5,0,0.52674454,1
5,0,0.57624733,1
5,0,0.5504321,1
5,0,0.5683382,1
5,0,0.5569687,1
5,0,0.5675672,1
5,0,0.5179125,1
5,0,0.53459454,1
5,0,0.5684135,1
5,0,0.53728336,1
5,0,0.59008485,1
5,0,0.54113907,1
5,0,0.5314293,1
5,0,0.5584054,1
5,0,0.53028387,1
5,0,0.52710307,1
5,0,0.56993145,1
5,0,0.55187404,1
5,0,0.5404485,1
5,0,0.552638,1
5,0,0.54068613,1
5,0,0.5438317,1
5,0,0.58622324,1
5,0,0.5640219,1
5,0,0.58999336,1
5,0,0.5809726,1
5,0,0.5601278,1
5,0,0.5682611,1
5,0,0.56013024,1
5,0,0.5247418,1
5,0,0.55495614,1
5,0,0.55510855,1
5,0,0.56544864,1
5,0,0.55810934,1
5,0,0.5531443,1
5,0,0.5074885,1
5,0,0.52915996,1
5,0,0.50449383,1
5,0,0.55283225,1
5,0,0.5222128,1
5,0,0.54706883,1
5,0,0.51952684,1
5,0,0.5127313,1
5,0,0.5130449,1
5,0,0.53137463,1
5,0,0.53219473,1
5,0,0.5533817,1
5,0,0.5656308,1
5,0,0.5475341,1
5,0,0.5887081,1
5,0,0.5725813,1
5,0,0.5885185,1
5,0,0.59794587,1
5,0,0.5998998,1
5,0,0.5872638,1
5,0,0.6025373,1
5,0,0.5914773,1
5,0,0.6011785,1
5,0,0.5761495,1
5,1,0.5119076,1
5,1,0.50832033,1
5,1,0.5019748,1
5,1,0.51169354,1
5,1,0.5144449,1
5,1,0.51556325,1
5,1,0.5131333,1
5,1,0.504226,1
5,1,0.5156379,1
5,1,0.5236604,1
5,1,0.5009783,1
5,1,0.5089777,1
5,1,0.5168611,1
5,1,0.52876407,1
5,1,0.5144691,1
5,1,0.50828904,1
5,1,0.5368853,1
5,1,0.5073313,1
5,0,0.54124904,1
5,0,0.49957398,0
5,0,0.5541286,1
5,0,0.5548428,1
5,0,0.5508063,1
5,0,0.5274507,1
5,0,0.5369318,1
5,0,0.5561626,1
5,0,0.5428156,1
5,0,0.5410217,1
5,0,0.5340073,1
5,0,0.54848176,1
5,0,0.5355893,1
5,0,0.52377546,1
5,0,0.577717,1
5,0,0.5439682,1
5,0,0.51710165,1
5,0,0.51383305,1
5,0,0.51057404,1
5,0,0.4809075,0
5,0,0.45075175,0
5,0,0.48491663,0
5,0,0.4369202,0
5,0,0.5055526,1
5,0,0.45597994,0
5,0,0.5337251,1
5,0,0.44177538,0
5,0,0.52736884,1
5,0,0.4597017,0
5,0,0.55015403,1
5,0,0.46870428,0
5,0,0.5036763,1
5,0,0.47060135,0
5,0,0.5049903,1
5,0,0.44569397,0
5,0,0.48362866,0
